 0.41306116E+00
 0.00000000E+00
 0.00000000E+00
-0.62000000E-06
 0.00000000E+00
 0.00000000E+00
-0.96620000E-04
 0.00000000E+00
 0.00000000E+00
-0.96710000E-04
 0.00000000E+00
 0.00000000E+00
-0.61675600E-02
 0.00000000E+00
 0.00000000E+00
-0.35300000E-05
 0.00000000E+00
 0.00000000E+00
-0.44400000E-05
 0.00000000E+00
 0.00000000E+00
-0.89157000E-03
 0.00000000E+00
 0.00000000E+00
-0.11206400E-02
 0.00000000E+00
 0.00000000E+00
-0.11100000E-05
 0.00000000E+00
 0.00000000E+00
-0.20000000E-05
 0.00000000E+00
 0.00000000E+00
 0.50860000E-03
 0.00000000E+00
 0.00000000E+00
-0.35927721E+00
 0.00000000E+00
 0.00000000E+00
-0.21500000E-05
 0.00000000E+00
 0.00000000E+00
-0.18580000E-04
 0.00000000E+00
 0.00000000E+00
-0.65557000E-03
 0.00000000E+00
 0.00000000E+00
 0.31424000E-02
 0.00000000E+00
 0.00000000E+00
-0.39500000E-05
 0.00000000E+00
 0.00000000E+00
 0.11500000E-05
 0.00000000E+00
 0.00000000E+00
-0.43864500E-02
 0.00000000E+00
 0.00000000E+00
 0.65400000E-04
 0.00000000E+00
 0.00000000E+00
-0.94460000E-04
 0.00000000E+00
 0.00000000E+00
-0.23000000E-06
 0.00000000E+00
 0.00000000E+00
-0.43955310E-01
 0.00000000E+00
 0.00000000E+00
 0.00000000E+00
 0.41306116E+00
 0.00000000E+00
 0.00000000E+00
-0.62000000E-06
 0.00000000E+00
 0.00000000E+00
-0.96620000E-04
 0.00000000E+00
 0.00000000E+00
-0.96710000E-04
 0.00000000E+00
 0.00000000E+00
-0.61675600E-02
 0.00000000E+00
 0.00000000E+00
-0.35300000E-05
 0.00000000E+00
 0.00000000E+00
-0.44400000E-05
 0.00000000E+00
 0.00000000E+00
-0.89157000E-03
 0.00000000E+00
 0.00000000E+00
-0.11206400E-02
 0.00000000E+00
 0.00000000E+00
-0.11100000E-05
 0.00000000E+00
 0.00000000E+00
-0.20000000E-05
 0.00000000E+00
 0.00000000E+00
 0.50860000E-03
 0.00000000E+00
 0.00000000E+00
-0.35927721E+00
 0.00000000E+00
 0.00000000E+00
-0.21500000E-05
 0.00000000E+00
 0.00000000E+00
-0.18580000E-04
 0.00000000E+00
 0.00000000E+00
-0.65557000E-03
 0.00000000E+00
 0.00000000E+00
 0.31424000E-02
 0.00000000E+00
 0.00000000E+00
-0.39500000E-05
 0.00000000E+00
 0.00000000E+00
 0.11500000E-05
 0.00000000E+00
 0.00000000E+00
-0.43864500E-02
 0.00000000E+00
 0.00000000E+00
 0.65400000E-04
 0.00000000E+00
 0.00000000E+00
-0.94460000E-04
 0.00000000E+00
 0.00000000E+00
-0.23000000E-06
 0.00000000E+00
 0.00000000E+00
-0.43955310E-01
 0.00000000E+00
 0.00000000E+00
 0.00000000E+00
 0.59819239E+00
 0.00000000E+00
 0.00000000E+00
-0.15818780E-01
 0.00000000E+00
 0.00000000E+00
-0.15859840E-01
 0.00000000E+00
 0.00000000E+00
-0.15859810E-01
 0.00000000E+00
 0.00000000E+00
-0.28046230E-01
 0.00000000E+00
 0.00000000E+00
-0.16164800E-01
 0.00000000E+00
 0.00000000E+00
-0.16172950E-01
 0.00000000E+00
 0.00000000E+00
-0.16937730E-01
 0.00000000E+00
 0.00000000E+00
-0.16947970E-01
 0.00000000E+00
 0.00000000E+00
-0.16454410E-01
 0.00000000E+00
 0.00000000E+00
-0.16456960E-01
 0.00000000E+00
 0.00000000E+00
-0.31338250E-01
 0.00000000E+00
 0.00000000E+00
-0.28348451E+00
 0.00000000E+00
 0.00000000E+00
 0.16843270E-01
 0.00000000E+00
 0.00000000E+00
 0.16886730E-01
 0.00000000E+00
 0.00000000E+00
 0.17040700E-01
 0.00000000E+00
 0.00000000E+00
 0.42888000E-02
 0.00000000E+00
 0.00000000E+00
 0.16348020E-01
 0.00000000E+00
 0.00000000E+00
 0.16344030E-01
 0.00000000E+00
 0.00000000E+00
 0.18478230E-01
 0.00000000E+00
 0.00000000E+00
 0.15455240E-01
 0.00000000E+00
 0.00000000E+00
 0.15272470E-01
 0.00000000E+00
 0.00000000E+00
 0.15256120E-01
 0.00000000E+00
 0.00000000E+00
-0.26086376E+00
-0.62000000E-06
 0.00000000E+00
 0.00000000E+00
 0.41306108E+00
 0.00000000E+00
 0.00000000E+00
-0.96700000E-04
 0.00000000E+00
 0.00000000E+00
-0.96620000E-04
 0.00000000E+00
 0.00000000E+00
-0.35300000E-05
 0.00000000E+00
 0.00000000E+00
-0.61676200E-02
 0.00000000E+00
 0.00000000E+00
-0.89153000E-03
 0.00000000E+00
 0.00000000E+00
-0.44400000E-05
 0.00000000E+00
 0.00000000E+00
-0.11100000E-05
 0.00000000E+00
 0.00000000E+00
-0.11206100E-02
 0.00000000E+00
 0.00000000E+00
 0.50834000E-03
 0.00000000E+00
 0.00000000E+00
-0.20000000E-05
 0.00000000E+00
 0.00000000E+00
-0.21500000E-05
 0.00000000E+00
 0.00000000E+00
-0.35927811E+00
 0.00000000E+00
 0.00000000E+00
-0.65556000E-03
 0.00000000E+00
 0.00000000E+00
-0.18580000E-04
 0.00000000E+00
 0.00000000E+00
-0.39500000E-05
 0.00000000E+00
 0.00000000E+00
 0.31423400E-02
 0.00000000E+00
 0.00000000E+00
-0.43863900E-02
 0.00000000E+00
 0.00000000E+00
 0.11500000E-05
 0.00000000E+00
 0.00000000E+00
-0.94460000E-04
 0.00000000E+00
 0.00000000E+00
 0.65400000E-04
 0.00000000E+00
 0.00000000E+00
-0.43954100E-01
 0.00000000E+00
 0.00000000E+00
-0.23000000E-06
 0.00000000E+00
 0.00000000E+00
 0.00000000E+00
-0.62000000E-06
 0.00000000E+00
 0.00000000E+00
 0.41306108E+00
 0.00000000E+00
 0.00000000E+00
-0.96700000E-04
 0.00000000E+00
 0.00000000E+00
-0.96620000E-04
 0.00000000E+00
 0.00000000E+00
-0.35300000E-05
 0.00000000E+00
 0.00000000E+00
-0.61676200E-02
 0.00000000E+00
 0.00000000E+00
-0.89153000E-03
 0.00000000E+00
 0.00000000E+00
-0.44400000E-05
 0.00000000E+00
 0.00000000E+00
-0.11100000E-05
 0.00000000E+00
 0.00000000E+00
-0.11206100E-02
 0.00000000E+00
 0.00000000E+00
 0.50834000E-03
 0.00000000E+00
 0.00000000E+00
-0.20000000E-05
 0.00000000E+00
 0.00000000E+00
-0.21500000E-05
 0.00000000E+00
 0.00000000E+00
-0.35927811E+00
 0.00000000E+00
 0.00000000E+00
-0.65556000E-03
 0.00000000E+00
 0.00000000E+00
-0.18580000E-04
 0.00000000E+00
 0.00000000E+00
-0.39500000E-05
 0.00000000E+00
 0.00000000E+00
 0.31423400E-02
 0.00000000E+00
 0.00000000E+00
-0.43863900E-02
 0.00000000E+00
 0.00000000E+00
 0.11500000E-05
 0.00000000E+00
 0.00000000E+00
-0.94460000E-04
 0.00000000E+00
 0.00000000E+00
 0.65400000E-04
 0.00000000E+00
 0.00000000E+00
-0.43954100E-01
 0.00000000E+00
 0.00000000E+00
-0.23000000E-06
 0.00000000E+00
 0.00000000E+00
 0.00000000E+00
-0.15818780E-01
 0.00000000E+00
 0.00000000E+00
 0.59819119E+00
 0.00000000E+00
 0.00000000E+00
-0.15859490E-01
 0.00000000E+00
 0.00000000E+00
-0.15859750E-01
 0.00000000E+00
 0.00000000E+00
-0.16164710E-01
 0.00000000E+00
 0.00000000E+00
-0.28046040E-01
 0.00000000E+00
 0.00000000E+00
-0.16937310E-01
 0.00000000E+00
 0.00000000E+00
-0.16172950E-01
 0.00000000E+00
 0.00000000E+00
-0.16454200E-01
 0.00000000E+00
 0.00000000E+00
-0.16947760E-01
 0.00000000E+00
 0.00000000E+00
-0.31337960E-01
 0.00000000E+00
 0.00000000E+00
-0.16456990E-01
 0.00000000E+00
 0.00000000E+00
 0.16842930E-01
 0.00000000E+00
 0.00000000E+00
-0.28348169E+00
 0.00000000E+00
 0.00000000E+00
 0.17040660E-01
 0.00000000E+00
 0.00000000E+00
 0.16886510E-01
 0.00000000E+00
 0.00000000E+00
 0.16347770E-01
 0.00000000E+00
 0.00000000E+00
 0.42887000E-02
 0.00000000E+00
 0.00000000E+00
 0.18478200E-01
 0.00000000E+00
 0.00000000E+00
 0.16343710E-01
 0.00000000E+00
 0.00000000E+00
 0.15272350E-01
 0.00000000E+00
 0.00000000E+00
 0.15455150E-01
 0.00000000E+00
 0.00000000E+00
-0.26086530E+00
 0.00000000E+00
 0.00000000E+00
 0.15255760E-01
-0.96620000E-04
 0.00000000E+00
 0.00000000E+00
-0.96700000E-04
 0.00000000E+00
 0.00000000E+00
 0.41312282E+00
 0.00000000E+00
 0.00000000E+00
-0.62000000E-06
 0.00000000E+00
 0.00000000E+00
-0.89075000E-03
 0.00000000E+00
 0.00000000E+00
-0.44400000E-05
 0.00000000E+00
 0.00000000E+00
-0.61727400E-02
 0.00000000E+00
 0.00000000E+00
-0.35300000E-05
 0.00000000E+00
 0.00000000E+00
 0.51008000E-03
 0.00000000E+00
 0.00000000E+00
-0.20000000E-05
 0.00000000E+00
 0.00000000E+00
-0.11217300E-02
 0.00000000E+00
 0.00000000E+00
-0.11100000E-05
 0.00000000E+00
 0.00000000E+00
-0.65550000E-03
 0.00000000E+00
 0.00000000E+00
-0.18590000E-04
 0.00000000E+00
 0.00000000E+00
-0.35933661E+00
 0.00000000E+00
 0.00000000E+00
-0.21500000E-05
 0.00000000E+00
 0.00000000E+00
-0.43871200E-02
 0.00000000E+00
 0.00000000E+00
 0.11500000E-05
 0.00000000E+00
 0.00000000E+00
 0.31442000E-02
 0.00000000E+00
 0.00000000E+00
-0.39500000E-05
 0.00000000E+00
 0.00000000E+00
-0.43954840E-01
 0.00000000E+00
 0.00000000E+00
-0.23000000E-06
 0.00000000E+00
 0.00000000E+00
 0.65420000E-04
 0.00000000E+00
 0.00000000E+00
-0.94440000E-04
 0.00000000E+00
 0.00000000E+00
 0.00000000E+00
-0.96620000E-04
 0.00000000E+00
 0.00000000E+00
-0.96700000E-04
 0.00000000E+00
 0.00000000E+00
 0.41312282E+00
 0.00000000E+00
 0.00000000E+00
-0.62000000E-06
 0.00000000E+00
 0.00000000E+00
-0.89075000E-03
 0.00000000E+00
 0.00000000E+00
-0.44400000E-05
 0.00000000E+00
 0.00000000E+00
-0.61727400E-02
 0.00000000E+00
 0.00000000E+00
-0.35300000E-05
 0.00000000E+00
 0.00000000E+00
 0.51008000E-03
 0.00000000E+00
 0.00000000E+00
-0.20000000E-05
 0.00000000E+00
 0.00000000E+00
-0.11217300E-02
 0.00000000E+00
 0.00000000E+00
-0.11100000E-05
 0.00000000E+00
 0.00000000E+00
-0.65550000E-03
 0.00000000E+00
 0.00000000E+00
-0.18590000E-04
 0.00000000E+00
 0.00000000E+00
-0.35933661E+00
 0.00000000E+00
 0.00000000E+00
-0.21500000E-05
 0.00000000E+00
 0.00000000E+00
-0.43871200E-02
 0.00000000E+00
 0.00000000E+00
 0.11500000E-05
 0.00000000E+00
 0.00000000E+00
 0.31442000E-02
 0.00000000E+00
 0.00000000E+00
-0.39500000E-05
 0.00000000E+00
 0.00000000E+00
-0.43954840E-01
 0.00000000E+00
 0.00000000E+00
-0.23000000E-06
 0.00000000E+00
 0.00000000E+00
 0.65420000E-04
 0.00000000E+00
 0.00000000E+00
-0.94440000E-04
 0.00000000E+00
 0.00000000E+00
 0.00000000E+00
-0.15859840E-01
 0.00000000E+00
 0.00000000E+00
-0.15859490E-01
 0.00000000E+00
 0.00000000E+00
 0.59824716E+00
 0.00000000E+00
 0.00000000E+00
-0.15819580E-01
 0.00000000E+00
 0.00000000E+00
-0.16936140E-01
 0.00000000E+00
 0.00000000E+00
-0.16171720E-01
 0.00000000E+00
 0.00000000E+00
-0.28058450E-01
 0.00000000E+00
 0.00000000E+00
-0.16167000E-01
 0.00000000E+00
 0.00000000E+00
-0.31336960E-01
 0.00000000E+00
 0.00000000E+00
-0.16456280E-01
 0.00000000E+00
 0.00000000E+00
-0.16948990E-01
 0.00000000E+00
 0.00000000E+00
-0.16456750E-01
 0.00000000E+00
 0.00000000E+00
 0.17039800E-01
 0.00000000E+00
 0.00000000E+00
 0.16885780E-01
 0.00000000E+00
 0.00000000E+00
-0.28346977E+00
 0.00000000E+00
 0.00000000E+00
 0.16845050E-01
 0.00000000E+00
 0.00000000E+00
 0.18476730E-01
 0.00000000E+00
 0.00000000E+00
 0.16342200E-01
 0.00000000E+00
 0.00000000E+00
 0.42827000E-02
 0.00000000E+00
 0.00000000E+00
 0.16350350E-01
 0.00000000E+00
 0.00000000E+00
-0.26091500E+00
 0.00000000E+00
 0.00000000E+00
 0.15255250E-01
 0.00000000E+00
 0.00000000E+00
 0.15456860E-01
 0.00000000E+00
 0.00000000E+00
 0.15274090E-01
-0.96710000E-04
 0.00000000E+00
 0.00000000E+00
-0.96620000E-04
 0.00000000E+00
 0.00000000E+00
-0.62000000E-06
 0.00000000E+00
 0.00000000E+00
 0.41312261E+00
 0.00000000E+00
 0.00000000E+00
-0.44400000E-05
 0.00000000E+00
 0.00000000E+00
-0.89074000E-03
 0.00000000E+00
 0.00000000E+00
-0.35300000E-05
 0.00000000E+00
 0.00000000E+00
-0.61726200E-02
 0.00000000E+00
 0.00000000E+00
-0.20000000E-05
 0.00000000E+00
 0.00000000E+00
 0.51016000E-03
 0.00000000E+00
 0.00000000E+00
-0.11100000E-05
 0.00000000E+00
 0.00000000E+00
-0.11217600E-02
 0.00000000E+00
 0.00000000E+00
-0.18590000E-04
 0.00000000E+00
 0.00000000E+00
-0.65550000E-03
 0.00000000E+00
 0.00000000E+00
-0.21500000E-05
 0.00000000E+00
 0.00000000E+00
-0.35933609E+00
 0.00000000E+00
 0.00000000E+00
 0.11500000E-05
 0.00000000E+00
 0.00000000E+00
-0.43871300E-02
 0.00000000E+00
 0.00000000E+00
-0.39500000E-05
 0.00000000E+00
 0.00000000E+00
 0.31442400E-02
 0.00000000E+00
 0.00000000E+00
-0.23000000E-06
 0.00000000E+00
 0.00000000E+00
-0.43955350E-01
 0.00000000E+00
 0.00000000E+00
-0.94440000E-04
 0.00000000E+00
 0.00000000E+00
 0.65420000E-04
 0.00000000E+00
 0.00000000E+00
 0.00000000E+00
-0.96710000E-04
 0.00000000E+00
 0.00000000E+00
-0.96620000E-04
 0.00000000E+00
 0.00000000E+00
-0.62000000E-06
 0.00000000E+00
 0.00000000E+00
 0.41312261E+00
 0.00000000E+00
 0.00000000E+00
-0.44400000E-05
 0.00000000E+00
 0.00000000E+00
-0.89074000E-03
 0.00000000E+00
 0.00000000E+00
-0.35300000E-05
 0.00000000E+00
 0.00000000E+00
-0.61726200E-02
 0.00000000E+00
 0.00000000E+00
-0.20000000E-05
 0.00000000E+00
 0.00000000E+00
 0.51016000E-03
 0.00000000E+00
 0.00000000E+00
-0.11100000E-05
 0.00000000E+00
 0.00000000E+00
-0.11217600E-02
 0.00000000E+00
 0.00000000E+00
-0.18590000E-04
 0.00000000E+00
 0.00000000E+00
-0.65550000E-03
 0.00000000E+00
 0.00000000E+00
-0.21500000E-05
 0.00000000E+00
 0.00000000E+00
-0.35933609E+00
 0.00000000E+00
 0.00000000E+00
 0.11500000E-05
 0.00000000E+00
 0.00000000E+00
-0.43871300E-02
 0.00000000E+00
 0.00000000E+00
-0.39500000E-05
 0.00000000E+00
 0.00000000E+00
 0.31442400E-02
 0.00000000E+00
 0.00000000E+00
-0.23000000E-06
 0.00000000E+00
 0.00000000E+00
-0.43955350E-01
 0.00000000E+00
 0.00000000E+00
-0.94440000E-04
 0.00000000E+00
 0.00000000E+00
 0.65420000E-04
 0.00000000E+00
 0.00000000E+00
 0.00000000E+00
-0.15859810E-01
 0.00000000E+00
 0.00000000E+00
-0.15859750E-01
 0.00000000E+00
 0.00000000E+00
-0.15819580E-01
 0.00000000E+00
 0.00000000E+00
 0.59824820E+00
 0.00000000E+00
 0.00000000E+00
-0.16171970E-01
 0.00000000E+00
 0.00000000E+00
-0.16936120E-01
 0.00000000E+00
 0.00000000E+00
-0.16166900E-01
 0.00000000E+00
 0.00000000E+00
-0.28058630E-01
 0.00000000E+00
 0.00000000E+00
-0.16456410E-01
 0.00000000E+00
 0.00000000E+00
-0.31337010E-01
 0.00000000E+00
 0.00000000E+00
-0.16456610E-01
 0.00000000E+00
 0.00000000E+00
-0.16949340E-01
 0.00000000E+00
 0.00000000E+00
 0.16885720E-01
 0.00000000E+00
 0.00000000E+00
 0.17039960E-01
 0.00000000E+00
 0.00000000E+00
 0.16845250E-01
 0.00000000E+00
 0.00000000E+00
-0.28347135E+00
 0.00000000E+00
 0.00000000E+00
 0.16342200E-01
 0.00000000E+00
 0.00000000E+00
 0.18476780E-01
 0.00000000E+00
 0.00000000E+00
 0.16350600E-01
 0.00000000E+00
 0.00000000E+00
 0.42828400E-02
 0.00000000E+00
 0.00000000E+00
 0.15255350E-01
 0.00000000E+00
 0.00000000E+00
-0.26091455E+00
 0.00000000E+00
 0.00000000E+00
 0.15274340E-01
 0.00000000E+00
 0.00000000E+00
 0.15456790E-01
-0.61675600E-02
 0.00000000E+00
 0.00000000E+00
-0.35300000E-05
 0.00000000E+00
 0.00000000E+00
-0.89075000E-03
 0.00000000E+00
 0.00000000E+00
-0.44400000E-05
 0.00000000E+00
 0.00000000E+00
 0.41927222E+00
 0.00000000E+00
 0.00000000E+00
-0.42000000E-06
 0.00000000E+00
 0.00000000E+00
-0.10129000E-03
 0.00000000E+00
 0.00000000E+00
-0.10132000E-03
 0.00000000E+00
 0.00000000E+00
-0.41173000E-02
 0.00000000E+00
 0.00000000E+00
-0.40000000E-06
 0.00000000E+00
 0.00000000E+00
-0.14390000E-04
 0.00000000E+00
 0.00000000E+00
-0.65580000E-04
 0.00000000E+00
 0.00000000E+00
-0.44158850E-01
 0.00000000E+00
 0.00000000E+00
 0.11000000E-06
 0.00000000E+00
 0.00000000E+00
 0.97500000E-05
 0.00000000E+00
 0.00000000E+00
-0.33130000E-04
 0.00000000E+00
 0.00000000E+00
-0.36190074E+00
 0.00000000E+00
 0.00000000E+00
-0.10000000E-07
 0.00000000E+00
 0.00000000E+00
 0.25080000E-04
 0.00000000E+00
 0.00000000E+00
-0.53350000E-04
 0.00000000E+00
 0.00000000E+00
 0.29571900E-02
 0.00000000E+00
 0.00000000E+00
-0.40200000E-05
 0.00000000E+00
 0.00000000E+00
 0.18000000E-05
 0.00000000E+00
 0.00000000E+00
-0.46490700E-02
 0.00000000E+00
 0.00000000E+00
 0.00000000E+00
-0.61675600E-02
 0.00000000E+00
 0.00000000E+00
-0.35300000E-05
 0.00000000E+00
 0.00000000E+00
-0.89075000E-03
 0.00000000E+00
 0.00000000E+00
-0.44400000E-05
 0.00000000E+00
 0.00000000E+00
 0.41927221E+00
 0.00000000E+00
 0.00000000E+00
-0.42000000E-06
 0.00000000E+00
 0.00000000E+00
-0.10129000E-03
 0.00000000E+00
 0.00000000E+00
-0.10132000E-03
 0.00000000E+00
 0.00000000E+00
-0.41173000E-02
 0.00000000E+00
 0.00000000E+00
-0.40000000E-06
 0.00000000E+00
 0.00000000E+00
-0.14390000E-04
 0.00000000E+00
 0.00000000E+00
-0.65580000E-04
 0.00000000E+00
 0.00000000E+00
-0.44158850E-01
 0.00000000E+00
 0.00000000E+00
 0.11000000E-06
 0.00000000E+00
 0.00000000E+00
 0.97500000E-05
 0.00000000E+00
 0.00000000E+00
-0.33130000E-04
 0.00000000E+00
 0.00000000E+00
-0.36190073E+00
 0.00000000E+00
 0.00000000E+00
-0.10000000E-07
 0.00000000E+00
 0.00000000E+00
 0.25080000E-04
 0.00000000E+00
 0.00000000E+00
-0.53350000E-04
 0.00000000E+00
 0.00000000E+00
 0.29571900E-02
 0.00000000E+00
 0.00000000E+00
-0.40200000E-05
 0.00000000E+00
 0.00000000E+00
 0.18000000E-05
 0.00000000E+00
 0.00000000E+00
-0.46490700E-02
 0.00000000E+00
 0.00000000E+00
 0.00000000E+00
-0.28046230E-01
 0.00000000E+00
 0.00000000E+00
-0.16164710E-01
 0.00000000E+00
 0.00000000E+00
-0.16936140E-01
 0.00000000E+00
 0.00000000E+00
-0.16171970E-01
 0.00000000E+00
 0.00000000E+00
 0.60529193E+00
 0.00000000E+00
 0.00000000E+00
-0.16514450E-01
 0.00000000E+00
 0.00000000E+00
-0.16645360E-01
 0.00000000E+00
 0.00000000E+00
-0.16645600E-01
 0.00000000E+00
 0.00000000E+00
-0.27506530E-01
 0.00000000E+00
 0.00000000E+00
-0.16811220E-01
 0.00000000E+00
 0.00000000E+00
-0.16826030E-01
 0.00000000E+00
 0.00000000E+00
-0.17572360E-01
 0.00000000E+00
 0.00000000E+00
-0.26875401E+00
 0.00000000E+00
 0.00000000E+00
 0.17210860E-01
 0.00000000E+00
 0.00000000E+00
 0.17810390E-01
 0.00000000E+00
 0.00000000E+00
 0.17239870E-01
 0.00000000E+00
 0.00000000E+00
-0.28786339E+00
 0.00000000E+00
 0.00000000E+00
 0.16694650E-01
 0.00000000E+00
 0.00000000E+00
 0.16754230E-01
 0.00000000E+00
 0.00000000E+00
 0.17189680E-01
 0.00000000E+00
 0.00000000E+00
 0.38222400E-02
 0.00000000E+00
 0.00000000E+00
 0.15584240E-01
 0.00000000E+00
 0.00000000E+00
 0.15593220E-01
 0.00000000E+00
 0.00000000E+00
 0.19266690E-01
-0.35300000E-05
 0.00000000E+00
 0.00000000E+00
-0.61676200E-02
 0.00000000E+00
 0.00000000E+00
-0.44400000E-05
 0.00000000E+00
 0.00000000E+00
-0.89074000E-03
 0.00000000E+00
 0.00000000E+00
-0.42000000E-06
 0.00000000E+00
 0.00000000E+00
 0.41927195E+00
 0.00000000E+00
 0.00000000E+00
-0.10132000E-03
 0.00000000E+00
 0.00000000E+00
-0.10129000E-03
 0.00000000E+00
 0.00000000E+00
-0.40000000E-06
 0.00000000E+00
 0.00000000E+00
-0.41173100E-02
 0.00000000E+00
 0.00000000E+00
-0.65590000E-04
 0.00000000E+00
 0.00000000E+00
-0.14390000E-04
 0.00000000E+00
 0.00000000E+00
 0.11000000E-06
 0.00000000E+00
 0.00000000E+00
-0.44158050E-01
 0.00000000E+00
 0.00000000E+00
-0.33130000E-04
 0.00000000E+00
 0.00000000E+00
 0.97500000E-05
 0.00000000E+00
 0.00000000E+00
-0.10000000E-07
 0.00000000E+00
 0.00000000E+00
-0.36190121E+00
 0.00000000E+00
 0.00000000E+00
-0.53350000E-04
 0.00000000E+00
 0.00000000E+00
 0.25080000E-04
 0.00000000E+00
 0.00000000E+00
-0.40200000E-05
 0.00000000E+00
 0.00000000E+00
 0.29571600E-02
 0.00000000E+00
 0.00000000E+00
-0.46490300E-02
 0.00000000E+00
 0.00000000E+00
 0.18000000E-05
 0.00000000E+00
 0.00000000E+00
 0.00000000E+00
-0.35300000E-05
 0.00000000E+00
 0.00000000E+00
-0.61676200E-02
 0.00000000E+00
 0.00000000E+00
-0.44400000E-05
 0.00000000E+00
 0.00000000E+00
-0.89074000E-03
 0.00000000E+00
 0.00000000E+00
-0.42000000E-06
 0.00000000E+00
 0.00000000E+00
 0.41927195E+00
 0.00000000E+00
 0.00000000E+00
-0.10132000E-03
 0.00000000E+00
 0.00000000E+00
-0.10129000E-03
 0.00000000E+00
 0.00000000E+00
-0.40000000E-06
 0.00000000E+00
 0.00000000E+00
-0.41173100E-02
 0.00000000E+00
 0.00000000E+00
-0.65590000E-04
 0.00000000E+00
 0.00000000E+00
-0.14390000E-04
 0.00000000E+00
 0.00000000E+00
 0.11000000E-06
 0.00000000E+00
 0.00000000E+00
-0.44158050E-01
 0.00000000E+00
 0.00000000E+00
-0.33130000E-04
 0.00000000E+00
 0.00000000E+00
 0.97500000E-05
 0.00000000E+00
 0.00000000E+00
-0.10000000E-07
 0.00000000E+00
 0.00000000E+00
-0.36190121E+00
 0.00000000E+00
 0.00000000E+00
-0.53350000E-04
 0.00000000E+00
 0.00000000E+00
 0.25080000E-04
 0.00000000E+00
 0.00000000E+00
-0.40200000E-05
 0.00000000E+00
 0.00000000E+00
 0.29571600E-02
 0.00000000E+00
 0.00000000E+00
-0.46490300E-02
 0.00000000E+00
 0.00000000E+00
 0.18000000E-05
 0.00000000E+00
 0.00000000E+00
 0.00000000E+00
-0.16164800E-01
 0.00000000E+00
 0.00000000E+00
-0.28046040E-01
 0.00000000E+00
 0.00000000E+00
-0.16171720E-01
 0.00000000E+00
 0.00000000E+00
-0.16936120E-01
 0.00000000E+00
 0.00000000E+00
-0.16514450E-01
 0.00000000E+00
 0.00000000E+00
 0.60529140E+00
 0.00000000E+00
 0.00000000E+00
-0.16645250E-01
 0.00000000E+00
 0.00000000E+00
-0.16645440E-01
 0.00000000E+00
 0.00000000E+00
-0.16811090E-01
 0.00000000E+00
 0.00000000E+00
-0.27506470E-01
 0.00000000E+00
 0.00000000E+00
-0.17571970E-01
 0.00000000E+00
 0.00000000E+00
-0.16826160E-01
 0.00000000E+00
 0.00000000E+00
 0.17210590E-01
 0.00000000E+00
 0.00000000E+00
-0.26875505E+00
 0.00000000E+00
 0.00000000E+00
 0.17239870E-01
 0.00000000E+00
 0.00000000E+00
 0.17810280E-01
 0.00000000E+00
 0.00000000E+00
 0.16694460E-01
 0.00000000E+00
 0.00000000E+00
-0.28786178E+00
 0.00000000E+00
 0.00000000E+00
 0.17189740E-01
 0.00000000E+00
 0.00000000E+00
 0.16754000E-01
 0.00000000E+00
 0.00000000E+00
 0.15584170E-01
 0.00000000E+00
 0.00000000E+00
 0.38222200E-02
 0.00000000E+00
 0.00000000E+00
 0.19266680E-01
 0.00000000E+00
 0.00000000E+00
 0.15592930E-01
-0.44400000E-05
 0.00000000E+00
 0.00000000E+00
-0.89153000E-03
 0.00000000E+00
 0.00000000E+00
-0.61727400E-02
 0.00000000E+00
 0.00000000E+00
-0.35300000E-05
 0.00000000E+00
 0.00000000E+00
-0.10129000E-03
 0.00000000E+00
 0.00000000E+00
-0.10132000E-03
 0.00000000E+00
 0.00000000E+00
 0.41933875E+00
 0.00000000E+00
 0.00000000E+00
-0.42000000E-06
 0.00000000E+00
 0.00000000E+00
-0.65530000E-04
 0.00000000E+00
 0.00000000E+00
-0.14400000E-04
 0.00000000E+00
 0.00000000E+00
-0.41240100E-02
 0.00000000E+00
 0.00000000E+00
-0.40000000E-06
 0.00000000E+00
 0.00000000E+00
-0.33130000E-04
 0.00000000E+00
 0.00000000E+00
 0.97200000E-05
 0.00000000E+00
 0.00000000E+00
-0.44147680E-01
 0.00000000E+00
 0.00000000E+00
 0.11000000E-06
 0.00000000E+00
 0.00000000E+00
-0.53330000E-04
 0.00000000E+00
 0.00000000E+00
 0.25090000E-04
 0.00000000E+00
 0.00000000E+00
-0.36196642E+00
 0.00000000E+00
 0.00000000E+00
-0.10000000E-07
 0.00000000E+00
 0.00000000E+00
-0.46499700E-02
 0.00000000E+00
 0.00000000E+00
 0.18000000E-05
 0.00000000E+00
 0.00000000E+00
 0.29587000E-02
 0.00000000E+00
 0.00000000E+00
-0.40200000E-05
 0.00000000E+00
 0.00000000E+00
 0.00000000E+00
-0.44400000E-05
 0.00000000E+00
 0.00000000E+00
-0.89153000E-03
 0.00000000E+00
 0.00000000E+00
-0.61727400E-02
 0.00000000E+00
 0.00000000E+00
-0.35300000E-05
 0.00000000E+00
 0.00000000E+00
-0.10129000E-03
 0.00000000E+00
 0.00000000E+00
-0.10132000E-03
 0.00000000E+00
 0.00000000E+00
 0.41933874E+00
 0.00000000E+00
 0.00000000E+00
-0.42000000E-06
 0.00000000E+00
 0.00000000E+00
-0.65530000E-04
 0.00000000E+00
 0.00000000E+00
-0.14400000E-04
 0.00000000E+00
 0.00000000E+00
-0.41240100E-02
 0.00000000E+00
 0.00000000E+00
-0.40000000E-06
 0.00000000E+00
 0.00000000E+00
-0.33130000E-04
 0.00000000E+00
 0.00000000E+00
 0.97200000E-05
 0.00000000E+00
 0.00000000E+00
-0.44147680E-01
 0.00000000E+00
 0.00000000E+00
 0.11000000E-06
 0.00000000E+00
 0.00000000E+00
-0.53330000E-04
 0.00000000E+00
 0.00000000E+00
 0.25090000E-04
 0.00000000E+00
 0.00000000E+00
-0.36196641E+00
 0.00000000E+00
 0.00000000E+00
-0.10000000E-07
 0.00000000E+00
 0.00000000E+00
-0.46499700E-02
 0.00000000E+00
 0.00000000E+00
 0.18000000E-05
 0.00000000E+00
 0.00000000E+00
 0.29587000E-02
 0.00000000E+00
 0.00000000E+00
-0.40200000E-05
 0.00000000E+00
 0.00000000E+00
 0.00000000E+00
-0.16172950E-01
 0.00000000E+00
 0.00000000E+00
-0.16937310E-01
 0.00000000E+00
 0.00000000E+00
-0.28058450E-01
 0.00000000E+00
 0.00000000E+00
-0.16166900E-01
 0.00000000E+00
 0.00000000E+00
-0.16645360E-01
 0.00000000E+00
 0.00000000E+00
-0.16645250E-01
 0.00000000E+00
 0.00000000E+00
 0.60551097E+00
 0.00000000E+00
 0.00000000E+00
-0.16517670E-01
 0.00000000E+00
 0.00000000E+00
-0.17572970E-01
 0.00000000E+00
 0.00000000E+00
-0.16826250E-01
 0.00000000E+00
 0.00000000E+00
-0.27520480E-01
 0.00000000E+00
 0.00000000E+00
-0.16814190E-01
 0.00000000E+00
 0.00000000E+00
 0.17239880E-01
 0.00000000E+00
 0.00000000E+00
 0.17810760E-01
 0.00000000E+00
 0.00000000E+00
-0.26895576E+00
 0.00000000E+00
 0.00000000E+00
 0.17213720E-01
 0.00000000E+00
 0.00000000E+00
 0.17189140E-01
 0.00000000E+00
 0.00000000E+00
 0.16753540E-01
 0.00000000E+00
 0.00000000E+00
-0.28784983E+00
 0.00000000E+00
 0.00000000E+00
 0.16698170E-01
 0.00000000E+00
 0.00000000E+00
 0.19266840E-01
 0.00000000E+00
 0.00000000E+00
 0.15593160E-01
 0.00000000E+00
 0.00000000E+00
 0.38206700E-02
 0.00000000E+00
 0.00000000E+00
 0.15586520E-01
-0.89157000E-03
 0.00000000E+00
 0.00000000E+00
-0.44400000E-05
 0.00000000E+00
 0.00000000E+00
-0.35300000E-05
 0.00000000E+00
 0.00000000E+00
-0.61726200E-02
 0.00000000E+00
 0.00000000E+00
-0.10132000E-03
 0.00000000E+00
 0.00000000E+00
-0.10129000E-03
 0.00000000E+00
 0.00000000E+00
-0.42000000E-06
 0.00000000E+00
 0.00000000E+00
 0.41933865E+00
 0.00000000E+00
 0.00000000E+00
-0.14400000E-04
 0.00000000E+00
 0.00000000E+00
-0.65530000E-04
 0.00000000E+00
 0.00000000E+00
-0.40000000E-06
 0.00000000E+00
 0.00000000E+00
-0.41238300E-02
 0.00000000E+00
 0.00000000E+00
 0.97200000E-05
 0.00000000E+00
 0.00000000E+00
-0.33120000E-04
 0.00000000E+00
 0.00000000E+00
 0.11000000E-06
 0.00000000E+00
 0.00000000E+00
-0.44148770E-01
 0.00000000E+00
 0.00000000E+00
 0.25090000E-04
 0.00000000E+00
 0.00000000E+00
-0.53330000E-04
 0.00000000E+00
 0.00000000E+00
-0.10000000E-07
 0.00000000E+00
 0.00000000E+00
-0.36196554E+00
 0.00000000E+00
 0.00000000E+00
 0.18000000E-05
 0.00000000E+00
 0.00000000E+00
-0.46499900E-02
 0.00000000E+00
 0.00000000E+00
-0.40200000E-05
 0.00000000E+00
 0.00000000E+00
 0.29587600E-02
 0.00000000E+00
 0.00000000E+00
 0.00000000E+00
-0.89157000E-03
 0.00000000E+00
 0.00000000E+00
-0.44400000E-05
 0.00000000E+00
 0.00000000E+00
-0.35300000E-05
 0.00000000E+00
 0.00000000E+00
-0.61726200E-02
 0.00000000E+00
 0.00000000E+00
-0.10132000E-03
 0.00000000E+00
 0.00000000E+00
-0.10129000E-03
 0.00000000E+00
 0.00000000E+00
-0.42000000E-06
 0.00000000E+00
 0.00000000E+00
 0.41933865E+00
 0.00000000E+00
 0.00000000E+00
-0.14400000E-04
 0.00000000E+00
 0.00000000E+00
-0.65530000E-04
 0.00000000E+00
 0.00000000E+00
-0.40000000E-06
 0.00000000E+00
 0.00000000E+00
-0.41238300E-02
 0.00000000E+00
 0.00000000E+00
 0.97200000E-05
 0.00000000E+00
 0.00000000E+00
-0.33120000E-04
 0.00000000E+00
 0.00000000E+00
 0.11000000E-06
 0.00000000E+00
 0.00000000E+00
-0.44148770E-01
 0.00000000E+00
 0.00000000E+00
 0.25090000E-04
 0.00000000E+00
 0.00000000E+00
-0.53330000E-04
 0.00000000E+00
 0.00000000E+00
-0.10000000E-07
 0.00000000E+00
 0.00000000E+00
-0.36196554E+00
 0.00000000E+00
 0.00000000E+00
 0.18000000E-05
 0.00000000E+00
 0.00000000E+00
-0.46499900E-02
 0.00000000E+00
 0.00000000E+00
-0.40200000E-05
 0.00000000E+00
 0.00000000E+00
 0.29587600E-02
 0.00000000E+00
 0.00000000E+00
 0.00000000E+00
-0.16937730E-01
 0.00000000E+00
 0.00000000E+00
-0.16172950E-01
 0.00000000E+00
 0.00000000E+00
-0.16167000E-01
 0.00000000E+00
 0.00000000E+00
-0.28058630E-01
 0.00000000E+00
 0.00000000E+00
-0.16645600E-01
 0.00000000E+00
 0.00000000E+00
-0.16645440E-01
 0.00000000E+00
 0.00000000E+00
-0.16517670E-01
 0.00000000E+00
 0.00000000E+00
 0.60551252E+00
 0.00000000E+00
 0.00000000E+00
-0.16826480E-01
 0.00000000E+00
 0.00000000E+00
-0.17573160E-01
 0.00000000E+00
 0.00000000E+00
-0.16814150E-01
 0.00000000E+00
 0.00000000E+00
-0.27520730E-01
 0.00000000E+00
 0.00000000E+00
 0.17810780E-01
 0.00000000E+00
 0.00000000E+00
 0.17240160E-01
 0.00000000E+00
 0.00000000E+00
 0.17214000E-01
 0.00000000E+00
 0.00000000E+00
-0.26895466E+00
 0.00000000E+00
 0.00000000E+00
 0.16753600E-01
 0.00000000E+00
 0.00000000E+00
 0.17189310E-01
 0.00000000E+00
 0.00000000E+00
 0.16698520E-01
 0.00000000E+00
 0.00000000E+00
-0.28785262E+00
 0.00000000E+00
 0.00000000E+00
 0.15593320E-01
 0.00000000E+00
 0.00000000E+00
 0.19266910E-01
 0.00000000E+00
 0.00000000E+00
 0.15586870E-01
 0.00000000E+00
 0.00000000E+00
 0.38208300E-02
-0.11206400E-02
 0.00000000E+00
 0.00000000E+00
-0.11100000E-05
 0.00000000E+00
 0.00000000E+00
 0.51008000E-03
 0.00000000E+00
 0.00000000E+00
-0.20000000E-05
 0.00000000E+00
 0.00000000E+00
-0.41173000E-02
 0.00000000E+00
 0.00000000E+00
-0.40000000E-06
 0.00000000E+00
 0.00000000E+00
-0.65530000E-04
 0.00000000E+00
 0.00000000E+00
-0.14400000E-04
 0.00000000E+00
 0.00000000E+00
 0.41361918E+00
 0.00000000E+00
 0.00000000E+00
 0.20000000E-06
 0.00000000E+00
 0.00000000E+00
 0.29770000E-04
 0.00000000E+00
 0.00000000E+00
 0.29750000E-04
 0.00000000E+00
 0.00000000E+00
-0.49242700E-02
 0.00000000E+00
 0.00000000E+00
 0.63000000E-06
 0.00000000E+00
 0.00000000E+00
 0.82430000E-04
 0.00000000E+00
 0.00000000E+00
-0.10220000E-04
 0.00000000E+00
 0.00000000E+00
-0.43223850E-01
 0.00000000E+00
 0.00000000E+00
-0.22000000E-06
 0.00000000E+00
 0.00000000E+00
-0.83230000E-04
 0.00000000E+00
 0.00000000E+00
-0.29040000E-04
 0.00000000E+00
 0.00000000E+00
-0.36000698E+00
 0.00000000E+00
 0.00000000E+00
-0.19400000E-05
 0.00000000E+00
 0.00000000E+00
 0.10700000E-05
 0.00000000E+00
 0.00000000E+00
-0.67198000E-03
 0.00000000E+00
 0.00000000E+00
 0.00000000E+00
-0.11206400E-02
 0.00000000E+00
 0.00000000E+00
-0.11100000E-05
 0.00000000E+00
 0.00000000E+00
 0.51008000E-03
 0.00000000E+00
 0.00000000E+00
-0.20000000E-05
 0.00000000E+00
 0.00000000E+00
-0.41173000E-02
 0.00000000E+00
 0.00000000E+00
-0.40000000E-06
 0.00000000E+00
 0.00000000E+00
-0.65530000E-04
 0.00000000E+00
 0.00000000E+00
-0.14400000E-04
 0.00000000E+00
 0.00000000E+00
 0.41361918E+00
 0.00000000E+00
 0.00000000E+00
 0.20000000E-06
 0.00000000E+00
 0.00000000E+00
 0.29770000E-04
 0.00000000E+00
 0.00000000E+00
 0.29750000E-04
 0.00000000E+00
 0.00000000E+00
-0.49242700E-02
 0.00000000E+00
 0.00000000E+00
 0.63000000E-06
 0.00000000E+00
 0.00000000E+00
 0.82430000E-04
 0.00000000E+00
 0.00000000E+00
-0.10220000E-04
 0.00000000E+00
 0.00000000E+00
-0.43223850E-01
 0.00000000E+00
 0.00000000E+00
-0.22000000E-06
 0.00000000E+00
 0.00000000E+00
-0.83230000E-04
 0.00000000E+00
 0.00000000E+00
-0.29040000E-04
 0.00000000E+00
 0.00000000E+00
-0.36000698E+00
 0.00000000E+00
 0.00000000E+00
-0.19400000E-05
 0.00000000E+00
 0.00000000E+00
 0.10700000E-05
 0.00000000E+00
 0.00000000E+00
-0.67198000E-03
 0.00000000E+00
 0.00000000E+00
 0.00000000E+00
-0.16947970E-01
 0.00000000E+00
 0.00000000E+00
-0.16454200E-01
 0.00000000E+00
 0.00000000E+00
-0.31336960E-01
 0.00000000E+00
 0.00000000E+00
-0.16456410E-01
 0.00000000E+00
 0.00000000E+00
-0.27506530E-01
 0.00000000E+00
 0.00000000E+00
-0.16811090E-01
 0.00000000E+00
 0.00000000E+00
-0.17572970E-01
 0.00000000E+00
 0.00000000E+00
-0.16826480E-01
 0.00000000E+00
 0.00000000E+00
 0.60975546E+00
 0.00000000E+00
 0.00000000E+00
-0.17116400E-01
 0.00000000E+00
 0.00000000E+00
-0.17157990E-01
 0.00000000E+00
 0.00000000E+00
-0.17158560E-01
 0.00000000E+00
 0.00000000E+00
 0.19579120E-01
 0.00000000E+00
 0.00000000E+00
 0.17514170E-01
 0.00000000E+00
 0.00000000E+00
 0.40845000E-02
 0.00000000E+00
 0.00000000E+00
 0.17525930E-01
 0.00000000E+00
 0.00000000E+00
-0.26886590E+00
 0.00000000E+00
 0.00000000E+00
 0.16993400E-01
 0.00000000E+00
 0.00000000E+00
 0.17160660E-01
 0.00000000E+00
 0.00000000E+00
 0.17036000E-01
 0.00000000E+00
 0.00000000E+00
-0.28718604E+00
 0.00000000E+00
 0.00000000E+00
 0.15867530E-01
 0.00000000E+00
 0.00000000E+00
 0.15891190E-01
 0.00000000E+00
 0.00000000E+00
 0.15989540E-01
-0.11100000E-05
 0.00000000E+00
 0.00000000E+00
-0.11206100E-02
 0.00000000E+00
 0.00000000E+00
-0.20000000E-05
 0.00000000E+00
 0.00000000E+00
 0.51016000E-03
 0.00000000E+00
 0.00000000E+00
-0.40000000E-06
 0.00000000E+00
 0.00000000E+00
-0.41173100E-02
 0.00000000E+00
 0.00000000E+00
-0.14400000E-04
 0.00000000E+00
 0.00000000E+00
-0.65530000E-04
 0.00000000E+00
 0.00000000E+00
 0.20000000E-06
 0.00000000E+00
 0.00000000E+00
 0.41361888E+00
 0.00000000E+00
 0.00000000E+00
 0.29750000E-04
 0.00000000E+00
 0.00000000E+00
 0.29770000E-04
 0.00000000E+00
 0.00000000E+00
 0.63000000E-06
 0.00000000E+00
 0.00000000E+00
-0.49242500E-02
 0.00000000E+00
 0.00000000E+00
-0.10220000E-04
 0.00000000E+00
 0.00000000E+00
 0.82430000E-04
 0.00000000E+00
 0.00000000E+00
-0.22000000E-06
 0.00000000E+00
 0.00000000E+00
-0.43223700E-01
 0.00000000E+00
 0.00000000E+00
-0.29040000E-04
 0.00000000E+00
 0.00000000E+00
-0.83230000E-04
 0.00000000E+00
 0.00000000E+00
-0.19400000E-05
 0.00000000E+00
 0.00000000E+00
-0.36000696E+00
 0.00000000E+00
 0.00000000E+00
-0.67197000E-03
 0.00000000E+00
 0.00000000E+00
 0.10700000E-05
 0.00000000E+00
 0.00000000E+00
 0.00000000E+00
-0.11100000E-05
 0.00000000E+00
 0.00000000E+00
-0.11206100E-02
 0.00000000E+00
 0.00000000E+00
-0.20000000E-05
 0.00000000E+00
 0.00000000E+00
 0.51016000E-03
 0.00000000E+00
 0.00000000E+00
-0.40000000E-06
 0.00000000E+00
 0.00000000E+00
-0.41173100E-02
 0.00000000E+00
 0.00000000E+00
-0.14400000E-04
 0.00000000E+00
 0.00000000E+00
-0.65530000E-04
 0.00000000E+00
 0.00000000E+00
 0.20000000E-06
 0.00000000E+00
 0.00000000E+00
 0.41361888E+00
 0.00000000E+00
 0.00000000E+00
 0.29750000E-04
 0.00000000E+00
 0.00000000E+00
 0.29770000E-04
 0.00000000E+00
 0.00000000E+00
 0.63000000E-06
 0.00000000E+00
 0.00000000E+00
-0.49242500E-02
 0.00000000E+00
 0.00000000E+00
-0.10220000E-04
 0.00000000E+00
 0.00000000E+00
 0.82430000E-04
 0.00000000E+00
 0.00000000E+00
-0.22000000E-06
 0.00000000E+00
 0.00000000E+00
-0.43223700E-01
 0.00000000E+00
 0.00000000E+00
-0.29040000E-04
 0.00000000E+00
 0.00000000E+00
-0.83230000E-04
 0.00000000E+00
 0.00000000E+00
-0.19400000E-05
 0.00000000E+00
 0.00000000E+00
-0.36000696E+00
 0.00000000E+00
 0.00000000E+00
-0.67197000E-03
 0.00000000E+00
 0.00000000E+00
 0.10700000E-05
 0.00000000E+00
 0.00000000E+00
 0.00000000E+00
-0.16454410E-01
 0.00000000E+00
 0.00000000E+00
-0.16947760E-01
 0.00000000E+00
 0.00000000E+00
-0.16456280E-01
 0.00000000E+00
 0.00000000E+00
-0.31337010E-01
 0.00000000E+00
 0.00000000E+00
-0.16811220E-01
 0.00000000E+00
 0.00000000E+00
-0.27506470E-01
 0.00000000E+00
 0.00000000E+00
-0.16826250E-01
 0.00000000E+00
 0.00000000E+00
-0.17573160E-01
 0.00000000E+00
 0.00000000E+00
-0.17116400E-01
 0.00000000E+00
 0.00000000E+00
 0.60975577E+00
 0.00000000E+00
 0.00000000E+00
-0.17158300E-01
 0.00000000E+00
 0.00000000E+00
-0.17158230E-01
 0.00000000E+00
 0.00000000E+00
 0.17514000E-01
 0.00000000E+00
 0.00000000E+00
 0.19579150E-01
 0.00000000E+00
 0.00000000E+00
 0.17526030E-01
 0.00000000E+00
 0.00000000E+00
 0.40845800E-02
 0.00000000E+00
 0.00000000E+00
 0.16993300E-01
 0.00000000E+00
 0.00000000E+00
-0.26886624E+00
 0.00000000E+00
 0.00000000E+00
 0.17036150E-01
 0.00000000E+00
 0.00000000E+00
 0.17160560E-01
 0.00000000E+00
 0.00000000E+00
 0.15867530E-01
 0.00000000E+00
 0.00000000E+00
-0.28718602E+00
 0.00000000E+00
 0.00000000E+00
 0.15989680E-01
 0.00000000E+00
 0.00000000E+00
 0.15891000E-01
-0.20000000E-05
 0.00000000E+00
 0.00000000E+00
 0.50834000E-03
 0.00000000E+00
 0.00000000E+00
-0.11217300E-02
 0.00000000E+00
 0.00000000E+00
-0.11100000E-05
 0.00000000E+00
 0.00000000E+00
-0.14390000E-04
 0.00000000E+00
 0.00000000E+00
-0.65590000E-04
 0.00000000E+00
 0.00000000E+00
-0.41240100E-02
 0.00000000E+00
 0.00000000E+00
-0.40000000E-06
 0.00000000E+00
 0.00000000E+00
 0.29770000E-04
 0.00000000E+00
 0.00000000E+00
 0.29750000E-04
 0.00000000E+00
 0.00000000E+00
 0.41362803E+00
 0.00000000E+00
 0.00000000E+00
 0.20000000E-06
 0.00000000E+00
 0.00000000E+00
-0.10230000E-04
 0.00000000E+00
 0.00000000E+00
 0.81580000E-04
 0.00000000E+00
 0.00000000E+00
-0.49247100E-02
 0.00000000E+00
 0.00000000E+00
 0.63000000E-06
 0.00000000E+00
 0.00000000E+00
-0.29060000E-04
 0.00000000E+00
 0.00000000E+00
-0.83160000E-04
 0.00000000E+00
 0.00000000E+00
-0.43212020E-01
 0.00000000E+00
 0.00000000E+00
-0.22000000E-06
 0.00000000E+00
 0.00000000E+00
-0.67225000E-03
 0.00000000E+00
 0.00000000E+00
 0.10700000E-05
 0.00000000E+00
 0.00000000E+00
-0.36001654E+00
 0.00000000E+00
 0.00000000E+00
-0.19500000E-05
 0.00000000E+00
 0.00000000E+00
 0.00000000E+00
-0.20000000E-05
 0.00000000E+00
 0.00000000E+00
 0.50834000E-03
 0.00000000E+00
 0.00000000E+00
-0.11217300E-02
 0.00000000E+00
 0.00000000E+00
-0.11100000E-05
 0.00000000E+00
 0.00000000E+00
-0.14390000E-04
 0.00000000E+00
 0.00000000E+00
-0.65590000E-04
 0.00000000E+00
 0.00000000E+00
-0.41240100E-02
 0.00000000E+00
 0.00000000E+00
-0.40000000E-06
 0.00000000E+00
 0.00000000E+00
 0.29770000E-04
 0.00000000E+00
 0.00000000E+00
 0.29750000E-04
 0.00000000E+00
 0.00000000E+00
 0.41362803E+00
 0.00000000E+00
 0.00000000E+00
 0.20000000E-06
 0.00000000E+00
 0.00000000E+00
-0.10230000E-04
 0.00000000E+00
 0.00000000E+00
 0.81580000E-04
 0.00000000E+00
 0.00000000E+00
-0.49247100E-02
 0.00000000E+00
 0.00000000E+00
 0.63000000E-06
 0.00000000E+00
 0.00000000E+00
-0.29060000E-04
 0.00000000E+00
 0.00000000E+00
-0.83160000E-04
 0.00000000E+00
 0.00000000E+00
-0.43212020E-01
 0.00000000E+00
 0.00000000E+00
-0.22000000E-06
 0.00000000E+00
 0.00000000E+00
-0.67225000E-03
 0.00000000E+00
 0.00000000E+00
 0.10700000E-05
 0.00000000E+00
 0.00000000E+00
-0.36001654E+00
 0.00000000E+00
 0.00000000E+00
-0.19500000E-05
 0.00000000E+00
 0.00000000E+00
 0.00000000E+00
-0.16456960E-01
 0.00000000E+00
 0.00000000E+00
-0.31337960E-01
 0.00000000E+00
 0.00000000E+00
-0.16948990E-01
 0.00000000E+00
 0.00000000E+00
-0.16456610E-01
 0.00000000E+00
 0.00000000E+00
-0.16826030E-01
 0.00000000E+00
 0.00000000E+00
-0.17571970E-01
 0.00000000E+00
 0.00000000E+00
-0.27520480E-01
 0.00000000E+00
 0.00000000E+00
-0.16814150E-01
 0.00000000E+00
 0.00000000E+00
-0.17157990E-01
 0.00000000E+00
 0.00000000E+00
-0.17158300E-01
 0.00000000E+00
 0.00000000E+00
 0.60992099E+00
 0.00000000E+00
 0.00000000E+00
-0.17117080E-01
 0.00000000E+00
 0.00000000E+00
 0.17525120E-01
 0.00000000E+00
 0.00000000E+00
 0.40871200E-02
 0.00000000E+00
 0.00000000E+00
 0.19581420E-01
 0.00000000E+00
 0.00000000E+00
 0.17516000E-01
 0.00000000E+00
 0.00000000E+00
 0.17034570E-01
 0.00000000E+00
 0.00000000E+00
 0.17159850E-01
 0.00000000E+00
 0.00000000E+00
-0.26902107E+00
 0.00000000E+00
 0.00000000E+00
 0.16996360E-01
 0.00000000E+00
 0.00000000E+00
 0.15989620E-01
 0.00000000E+00
 0.00000000E+00
 0.15890860E-01
 0.00000000E+00
 0.00000000E+00
-0.28718466E+00
 0.00000000E+00
 0.00000000E+00
 0.15870340E-01
 0.50860000E-03
 0.00000000E+00
 0.00000000E+00
-0.20000000E-05
 0.00000000E+00
 0.00000000E+00
-0.11100000E-05
 0.00000000E+00
 0.00000000E+00
-0.11217600E-02
 0.00000000E+00
 0.00000000E+00
-0.65580000E-04
 0.00000000E+00
 0.00000000E+00
-0.14390000E-04
 0.00000000E+00
 0.00000000E+00
-0.40000000E-06
 0.00000000E+00
 0.00000000E+00
-0.41238300E-02
 0.00000000E+00
 0.00000000E+00
 0.29750000E-04
 0.00000000E+00
 0.00000000E+00
 0.29770000E-04
 0.00000000E+00
 0.00000000E+00
 0.20000000E-06
 0.00000000E+00
 0.00000000E+00
 0.41362807E+00
 0.00000000E+00
 0.00000000E+00
 0.81550000E-04
 0.00000000E+00
 0.00000000E+00
-0.10230000E-04
 0.00000000E+00
 0.00000000E+00
 0.63000000E-06
 0.00000000E+00
 0.00000000E+00
-0.49247600E-02
 0.00000000E+00
 0.00000000E+00
-0.83160000E-04
 0.00000000E+00
 0.00000000E+00
-0.29060000E-04
 0.00000000E+00
 0.00000000E+00
-0.22000000E-06
 0.00000000E+00
 0.00000000E+00
-0.43213370E-01
 0.00000000E+00
 0.00000000E+00
 0.10700000E-05
 0.00000000E+00
 0.00000000E+00
-0.67226000E-03
 0.00000000E+00
 0.00000000E+00
-0.19500000E-05
 0.00000000E+00
 0.00000000E+00
-0.36001556E+00
 0.00000000E+00
 0.00000000E+00
 0.00000000E+00
 0.50860000E-03
 0.00000000E+00
 0.00000000E+00
-0.20000000E-05
 0.00000000E+00
 0.00000000E+00
-0.11100000E-05
 0.00000000E+00
 0.00000000E+00
-0.11217600E-02
 0.00000000E+00
 0.00000000E+00
-0.65580000E-04
 0.00000000E+00
 0.00000000E+00
-0.14390000E-04
 0.00000000E+00
 0.00000000E+00
-0.40000000E-06
 0.00000000E+00
 0.00000000E+00
-0.41238300E-02
 0.00000000E+00
 0.00000000E+00
 0.29750000E-04
 0.00000000E+00
 0.00000000E+00
 0.29770000E-04
 0.00000000E+00
 0.00000000E+00
 0.20000000E-06
 0.00000000E+00
 0.00000000E+00
 0.41362807E+00
 0.00000000E+00
 0.00000000E+00
 0.81550000E-04
 0.00000000E+00
 0.00000000E+00
-0.10230000E-04
 0.00000000E+00
 0.00000000E+00
 0.63000000E-06
 0.00000000E+00
 0.00000000E+00
-0.49247600E-02
 0.00000000E+00
 0.00000000E+00
-0.83160000E-04
 0.00000000E+00
 0.00000000E+00
-0.29060000E-04
 0.00000000E+00
 0.00000000E+00
-0.22000000E-06
 0.00000000E+00
 0.00000000E+00
-0.43213370E-01
 0.00000000E+00
 0.00000000E+00
 0.10700000E-05
 0.00000000E+00
 0.00000000E+00
-0.67226000E-03
 0.00000000E+00
 0.00000000E+00
-0.19500000E-05
 0.00000000E+00
 0.00000000E+00
-0.36001556E+00
 0.00000000E+00
 0.00000000E+00
 0.00000000E+00
-0.31338250E-01
 0.00000000E+00
 0.00000000E+00
-0.16456990E-01
 0.00000000E+00
 0.00000000E+00
-0.16456750E-01
 0.00000000E+00
 0.00000000E+00
-0.16949340E-01
 0.00000000E+00
 0.00000000E+00
-0.17572360E-01
 0.00000000E+00
 0.00000000E+00
-0.16826160E-01
 0.00000000E+00
 0.00000000E+00
-0.16814190E-01
 0.00000000E+00
 0.00000000E+00
-0.27520730E-01
 0.00000000E+00
 0.00000000E+00
-0.17158560E-01
 0.00000000E+00
 0.00000000E+00
-0.17158230E-01
 0.00000000E+00
 0.00000000E+00
-0.17117080E-01
 0.00000000E+00
 0.00000000E+00
 0.60992252E+00
 0.00000000E+00
 0.00000000E+00
 0.40874000E-02
 0.00000000E+00
 0.00000000E+00
 0.17525480E-01
 0.00000000E+00
 0.00000000E+00
 0.17516290E-01
 0.00000000E+00
 0.00000000E+00
 0.19581480E-01
 0.00000000E+00
 0.00000000E+00
 0.17159910E-01
 0.00000000E+00
 0.00000000E+00
 0.17034810E-01
 0.00000000E+00
 0.00000000E+00
 0.16996740E-01
 0.00000000E+00
 0.00000000E+00
-0.26901958E+00
 0.00000000E+00
 0.00000000E+00
 0.15891020E-01
 0.00000000E+00
 0.00000000E+00
 0.15989720E-01
 0.00000000E+00
 0.00000000E+00
 0.15870730E-01
 0.00000000E+00
 0.00000000E+00
-0.28718788E+00
-0.35927721E+00
 0.00000000E+00
 0.00000000E+00
-0.21500000E-05
 0.00000000E+00
 0.00000000E+00
-0.65550000E-03
 0.00000000E+00
 0.00000000E+00
-0.18590000E-04
 0.00000000E+00
 0.00000000E+00
-0.44158850E-01
 0.00000000E+00
 0.00000000E+00
 0.11000000E-06
 0.00000000E+00
 0.00000000E+00
-0.33130000E-04
 0.00000000E+00
 0.00000000E+00
 0.97200000E-05
 0.00000000E+00
 0.00000000E+00
-0.49242700E-02
 0.00000000E+00
 0.00000000E+00
 0.63000000E-06
 0.00000000E+00
 0.00000000E+00
-0.10230000E-04
 0.00000000E+00
 0.00000000E+00
 0.81550000E-04
 0.00000000E+00
 0.00000000E+00
 0.42216487E+00
 0.00000000E+00
 0.00000000E+00
 0.20000000E-07
 0.00000000E+00
 0.00000000E+00
-0.39970000E-04
 0.00000000E+00
 0.00000000E+00
-0.39950000E-04
 0.00000000E+00
 0.00000000E+00
-0.67697500E-02
 0.00000000E+00
 0.00000000E+00
-0.49000000E-06
 0.00000000E+00
 0.00000000E+00
 0.12800000E-04
 0.00000000E+00
 0.00000000E+00
-0.59079000E-03
 0.00000000E+00
 0.00000000E+00
 0.76853000E-03
 0.00000000E+00
 0.00000000E+00
-0.54400000E-05
 0.00000000E+00
 0.00000000E+00
 0.89000000E-06
 0.00000000E+00
 0.00000000E+00
-0.65128000E-02
 0.00000000E+00
 0.00000000E+00
 0.00000000E+00
-0.35927721E+00
 0.00000000E+00
 0.00000000E+00
-0.21500000E-05
 0.00000000E+00
 0.00000000E+00
-0.65550000E-03
 0.00000000E+00
 0.00000000E+00
-0.18590000E-04
 0.00000000E+00
 0.00000000E+00
-0.44158850E-01
 0.00000000E+00
 0.00000000E+00
 0.11000000E-06
 0.00000000E+00
 0.00000000E+00
-0.33130000E-04
 0.00000000E+00
 0.00000000E+00
 0.97200000E-05
 0.00000000E+00
 0.00000000E+00
-0.49242700E-02
 0.00000000E+00
 0.00000000E+00
 0.63000000E-06
 0.00000000E+00
 0.00000000E+00
-0.10230000E-04
 0.00000000E+00
 0.00000000E+00
 0.81550000E-04
 0.00000000E+00
 0.00000000E+00
 0.42216487E+00
 0.00000000E+00
 0.00000000E+00
 0.20000000E-07
 0.00000000E+00
 0.00000000E+00
-0.39970000E-04
 0.00000000E+00
 0.00000000E+00
-0.39950000E-04
 0.00000000E+00
 0.00000000E+00
-0.67697500E-02
 0.00000000E+00
 0.00000000E+00
-0.49000000E-06
 0.00000000E+00
 0.00000000E+00
 0.12800000E-04
 0.00000000E+00
 0.00000000E+00
-0.59079000E-03
 0.00000000E+00
 0.00000000E+00
 0.76853000E-03
 0.00000000E+00
 0.00000000E+00
-0.54400000E-05
 0.00000000E+00
 0.00000000E+00
 0.89000000E-06
 0.00000000E+00
 0.00000000E+00
-0.65128000E-02
 0.00000000E+00
 0.00000000E+00
 0.00000000E+00
-0.28348451E+00
 0.00000000E+00
 0.00000000E+00
 0.16842930E-01
 0.00000000E+00
 0.00000000E+00
 0.17039800E-01
 0.00000000E+00
 0.00000000E+00
 0.16885720E-01
 0.00000000E+00
 0.00000000E+00
-0.26875401E+00
 0.00000000E+00
 0.00000000E+00
 0.17210590E-01
 0.00000000E+00
 0.00000000E+00
 0.17239880E-01
 0.00000000E+00
 0.00000000E+00
 0.17810780E-01
 0.00000000E+00
 0.00000000E+00
 0.19579120E-01
 0.00000000E+00
 0.00000000E+00
 0.17514000E-01
 0.00000000E+00
 0.00000000E+00
 0.17525120E-01
 0.00000000E+00
 0.00000000E+00
 0.40874000E-02
 0.00000000E+00
 0.00000000E+00
 0.68103681E+00
 0.00000000E+00
 0.00000000E+00
-0.17934690E-01
 0.00000000E+00
 0.00000000E+00
-0.17996110E-01
 0.00000000E+00
 0.00000000E+00
-0.17996060E-01
 0.00000000E+00
 0.00000000E+00
-0.68527220E-01
 0.00000000E+00
 0.00000000E+00
-0.17402310E-01
 0.00000000E+00
 0.00000000E+00
-0.17407970E-01
 0.00000000E+00
 0.00000000E+00
-0.20141890E-01
 0.00000000E+00
 0.00000000E+00
-0.17948480E-01
 0.00000000E+00
 0.00000000E+00
-0.16246680E-01
 0.00000000E+00
 0.00000000E+00
-0.16245070E-01
 0.00000000E+00
 0.00000000E+00
-0.62687150E-01
-0.21500000E-05
 0.00000000E+00
 0.00000000E+00
-0.35927811E+00
 0.00000000E+00
 0.00000000E+00
-0.18590000E-04
 0.00000000E+00
 0.00000000E+00
-0.65550000E-03
 0.00000000E+00
 0.00000000E+00
 0.11000000E-06
 0.00000000E+00
 0.00000000E+00
-0.44158050E-01
 0.00000000E+00
 0.00000000E+00
 0.97200000E-05
 0.00000000E+00
 0.00000000E+00
-0.33120000E-04
 0.00000000E+00
 0.00000000E+00
 0.63000000E-06
 0.00000000E+00
 0.00000000E+00
-0.49242500E-02
 0.00000000E+00
 0.00000000E+00
 0.81580000E-04
 0.00000000E+00
 0.00000000E+00
-0.10230000E-04
 0.00000000E+00
 0.00000000E+00
 0.20000000E-07
 0.00000000E+00
 0.00000000E+00
 0.42216507E+00
 0.00000000E+00
 0.00000000E+00
-0.39950000E-04
 0.00000000E+00
 0.00000000E+00
-0.39970000E-04
 0.00000000E+00
 0.00000000E+00
-0.49000000E-06
 0.00000000E+00
 0.00000000E+00
-0.67698200E-02
 0.00000000E+00
 0.00000000E+00
-0.59079000E-03
 0.00000000E+00
 0.00000000E+00
 0.12800000E-04
 0.00000000E+00
 0.00000000E+00
-0.54400000E-05
 0.00000000E+00
 0.00000000E+00
 0.76852000E-03
 0.00000000E+00
 0.00000000E+00
-0.65128800E-02
 0.00000000E+00
 0.00000000E+00
 0.89000000E-06
 0.00000000E+00
 0.00000000E+00
 0.00000000E+00
-0.21500000E-05
 0.00000000E+00
 0.00000000E+00
-0.35927811E+00
 0.00000000E+00
 0.00000000E+00
-0.18590000E-04
 0.00000000E+00
 0.00000000E+00
-0.65550000E-03
 0.00000000E+00
 0.00000000E+00
 0.11000000E-06
 0.00000000E+00
 0.00000000E+00
-0.44158050E-01
 0.00000000E+00
 0.00000000E+00
 0.97200000E-05
 0.00000000E+00
 0.00000000E+00
-0.33120000E-04
 0.00000000E+00
 0.00000000E+00
 0.63000000E-06
 0.00000000E+00
 0.00000000E+00
-0.49242500E-02
 0.00000000E+00
 0.00000000E+00
 0.81580000E-04
 0.00000000E+00
 0.00000000E+00
-0.10230000E-04
 0.00000000E+00
 0.00000000E+00
 0.20000000E-07
 0.00000000E+00
 0.00000000E+00
 0.42216507E+00
 0.00000000E+00
 0.00000000E+00
-0.39950000E-04
 0.00000000E+00
 0.00000000E+00
-0.39970000E-04
 0.00000000E+00
 0.00000000E+00
-0.49000000E-06
 0.00000000E+00
 0.00000000E+00
-0.67698200E-02
 0.00000000E+00
 0.00000000E+00
-0.59079000E-03
 0.00000000E+00
 0.00000000E+00
 0.12800000E-04
 0.00000000E+00
 0.00000000E+00
-0.54400000E-05
 0.00000000E+00
 0.00000000E+00
 0.76852000E-03
 0.00000000E+00
 0.00000000E+00
-0.65128800E-02
 0.00000000E+00
 0.00000000E+00
 0.89000000E-06
 0.00000000E+00
 0.00000000E+00
 0.00000000E+00
 0.16843270E-01
 0.00000000E+00
 0.00000000E+00
-0.28348169E+00
 0.00000000E+00
 0.00000000E+00
 0.16885780E-01
 0.00000000E+00
 0.00000000E+00
 0.17039960E-01
 0.00000000E+00
 0.00000000E+00
 0.17210860E-01
 0.00000000E+00
 0.00000000E+00
-0.26875505E+00
 0.00000000E+00
 0.00000000E+00
 0.17810760E-01
 0.00000000E+00
 0.00000000E+00
 0.17240160E-01
 0.00000000E+00
 0.00000000E+00
 0.17514170E-01
 0.00000000E+00
 0.00000000E+00
 0.19579150E-01
 0.00000000E+00
 0.00000000E+00
 0.40871200E-02
 0.00000000E+00
 0.00000000E+00
 0.17525480E-01
 0.00000000E+00
 0.00000000E+00
-0.17934690E-01
 0.00000000E+00
 0.00000000E+00
 0.68103605E+00
 0.00000000E+00
 0.00000000E+00
-0.17996440E-01
 0.00000000E+00
 0.00000000E+00
-0.17996180E-01
 0.00000000E+00
 0.00000000E+00
-0.17402420E-01
 0.00000000E+00
 0.00000000E+00
-0.68527650E-01
 0.00000000E+00
 0.00000000E+00
-0.20142360E-01
 0.00000000E+00
 0.00000000E+00
-0.17407940E-01
 0.00000000E+00
 0.00000000E+00
-0.16246910E-01
 0.00000000E+00
 0.00000000E+00
-0.17948670E-01
 0.00000000E+00
 0.00000000E+00
-0.62687760E-01
 0.00000000E+00
 0.00000000E+00
-0.16245000E-01
-0.18580000E-04
 0.00000000E+00
 0.00000000E+00
-0.65556000E-03
 0.00000000E+00
 0.00000000E+00
-0.35933661E+00
 0.00000000E+00
 0.00000000E+00
-0.21500000E-05
 0.00000000E+00
 0.00000000E+00
 0.97500000E-05
 0.00000000E+00
 0.00000000E+00
-0.33130000E-04
 0.00000000E+00
 0.00000000E+00
-0.44147680E-01
 0.00000000E+00
 0.00000000E+00
 0.11000000E-06
 0.00000000E+00
 0.00000000E+00
 0.82430000E-04
 0.00000000E+00
 0.00000000E+00
-0.10220000E-04
 0.00000000E+00
 0.00000000E+00
-0.49247100E-02
 0.00000000E+00
 0.00000000E+00
 0.63000000E-06
 0.00000000E+00
 0.00000000E+00
-0.39970000E-04
 0.00000000E+00
 0.00000000E+00
-0.39950000E-04
 0.00000000E+00
 0.00000000E+00
 0.42221903E+00
 0.00000000E+00
 0.00000000E+00
 0.20000000E-07
 0.00000000E+00
 0.00000000E+00
-0.59097000E-03
 0.00000000E+00
 0.00000000E+00
 0.12790000E-04
 0.00000000E+00
 0.00000000E+00
-0.67744400E-02
 0.00000000E+00
 0.00000000E+00
-0.49000000E-06
 0.00000000E+00
 0.00000000E+00
-0.65143400E-02
 0.00000000E+00
 0.00000000E+00
 0.89000000E-06
 0.00000000E+00
 0.00000000E+00
 0.76859000E-03
 0.00000000E+00
 0.00000000E+00
-0.54400000E-05
 0.00000000E+00
 0.00000000E+00
 0.00000000E+00
-0.18580000E-04
 0.00000000E+00
 0.00000000E+00
-0.65556000E-03
 0.00000000E+00
 0.00000000E+00
-0.35933661E+00
 0.00000000E+00
 0.00000000E+00
-0.21500000E-05
 0.00000000E+00
 0.00000000E+00
 0.97500000E-05
 0.00000000E+00
 0.00000000E+00
-0.33130000E-04
 0.00000000E+00
 0.00000000E+00
-0.44147680E-01
 0.00000000E+00
 0.00000000E+00
 0.11000000E-06
 0.00000000E+00
 0.00000000E+00
 0.82430000E-04
 0.00000000E+00
 0.00000000E+00
-0.10220000E-04
 0.00000000E+00
 0.00000000E+00
-0.49247100E-02
 0.00000000E+00
 0.00000000E+00
 0.63000000E-06
 0.00000000E+00
 0.00000000E+00
-0.39970000E-04
 0.00000000E+00
 0.00000000E+00
-0.39950000E-04
 0.00000000E+00
 0.00000000E+00
 0.42221903E+00
 0.00000000E+00
 0.00000000E+00
 0.20000000E-07
 0.00000000E+00
 0.00000000E+00
-0.59097000E-03
 0.00000000E+00
 0.00000000E+00
 0.12790000E-04
 0.00000000E+00
 0.00000000E+00
-0.67744400E-02
 0.00000000E+00
 0.00000000E+00
-0.49000000E-06
 0.00000000E+00
 0.00000000E+00
-0.65143400E-02
 0.00000000E+00
 0.00000000E+00
 0.89000000E-06
 0.00000000E+00
 0.00000000E+00
 0.76859000E-03
 0.00000000E+00
 0.00000000E+00
-0.54400000E-05
 0.00000000E+00
 0.00000000E+00
 0.00000000E+00
 0.16886730E-01
 0.00000000E+00
 0.00000000E+00
 0.17040660E-01
 0.00000000E+00
 0.00000000E+00
-0.28346977E+00
 0.00000000E+00
 0.00000000E+00
 0.16845250E-01
 0.00000000E+00
 0.00000000E+00
 0.17810390E-01
 0.00000000E+00
 0.00000000E+00
 0.17239870E-01
 0.00000000E+00
 0.00000000E+00
-0.26895576E+00
 0.00000000E+00
 0.00000000E+00
 0.17214000E-01
 0.00000000E+00
 0.00000000E+00
 0.40845000E-02
 0.00000000E+00
 0.00000000E+00
 0.17526030E-01
 0.00000000E+00
 0.00000000E+00
 0.19581420E-01
 0.00000000E+00
 0.00000000E+00
 0.17516290E-01
 0.00000000E+00
 0.00000000E+00
-0.17996110E-01
 0.00000000E+00
 0.00000000E+00
-0.17996440E-01
 0.00000000E+00
 0.00000000E+00
 0.68124282E+00
 0.00000000E+00
 0.00000000E+00
-0.17937720E-01
 0.00000000E+00
 0.00000000E+00
-0.20141600E-01
 0.00000000E+00
 0.00000000E+00
-0.17407340E-01
 0.00000000E+00
 0.00000000E+00
-0.68540380E-01
 0.00000000E+00
 0.00000000E+00
-0.17406010E-01
 0.00000000E+00
 0.00000000E+00
-0.62690110E-01
 0.00000000E+00
 0.00000000E+00
-0.16245080E-01
 0.00000000E+00
 0.00000000E+00
-0.17952420E-01
 0.00000000E+00
 0.00000000E+00
-0.16249220E-01
-0.65557000E-03
 0.00000000E+00
 0.00000000E+00
-0.18580000E-04
 0.00000000E+00
 0.00000000E+00
-0.21500000E-05
 0.00000000E+00
 0.00000000E+00
-0.35933609E+00
 0.00000000E+00
 0.00000000E+00
-0.33130000E-04
 0.00000000E+00
 0.00000000E+00
 0.97500000E-05
 0.00000000E+00
 0.00000000E+00
 0.11000000E-06
 0.00000000E+00
 0.00000000E+00
-0.44148770E-01
 0.00000000E+00
 0.00000000E+00
-0.10220000E-04
 0.00000000E+00
 0.00000000E+00
 0.82430000E-04
 0.00000000E+00
 0.00000000E+00
 0.63000000E-06
 0.00000000E+00
 0.00000000E+00
-0.49247600E-02
 0.00000000E+00
 0.00000000E+00
-0.39950000E-04
 0.00000000E+00
 0.00000000E+00
-0.39970000E-04
 0.00000000E+00
 0.00000000E+00
 0.20000000E-07
 0.00000000E+00
 0.00000000E+00
 0.42221954E+00
 0.00000000E+00
 0.00000000E+00
 0.12790000E-04
 0.00000000E+00
 0.00000000E+00
-0.59097000E-03
 0.00000000E+00
 0.00000000E+00
-0.49000000E-06
 0.00000000E+00
 0.00000000E+00
-0.67743600E-02
 0.00000000E+00
 0.00000000E+00
 0.89000000E-06
 0.00000000E+00
 0.00000000E+00
-0.65143100E-02
 0.00000000E+00
 0.00000000E+00
-0.54400000E-05
 0.00000000E+00
 0.00000000E+00
 0.76860000E-03
 0.00000000E+00
 0.00000000E+00
 0.00000000E+00
-0.65557000E-03
 0.00000000E+00
 0.00000000E+00
-0.18580000E-04
 0.00000000E+00
 0.00000000E+00
-0.21500000E-05
 0.00000000E+00
 0.00000000E+00
-0.35933609E+00
 0.00000000E+00
 0.00000000E+00
-0.33130000E-04
 0.00000000E+00
 0.00000000E+00
 0.97500000E-05
 0.00000000E+00
 0.00000000E+00
 0.11000000E-06
 0.00000000E+00
 0.00000000E+00
-0.44148770E-01
 0.00000000E+00
 0.00000000E+00
-0.10220000E-04
 0.00000000E+00
 0.00000000E+00
 0.82430000E-04
 0.00000000E+00
 0.00000000E+00
 0.63000000E-06
 0.00000000E+00
 0.00000000E+00
-0.49247600E-02
 0.00000000E+00
 0.00000000E+00
-0.39950000E-04
 0.00000000E+00
 0.00000000E+00
-0.39970000E-04
 0.00000000E+00
 0.00000000E+00
 0.20000000E-07
 0.00000000E+00
 0.00000000E+00
 0.42221954E+00
 0.00000000E+00
 0.00000000E+00
 0.12790000E-04
 0.00000000E+00
 0.00000000E+00
-0.59097000E-03
 0.00000000E+00
 0.00000000E+00
-0.49000000E-06
 0.00000000E+00
 0.00000000E+00
-0.67743600E-02
 0.00000000E+00
 0.00000000E+00
 0.89000000E-06
 0.00000000E+00
 0.00000000E+00
-0.65143100E-02
 0.00000000E+00
 0.00000000E+00
-0.54400000E-05
 0.00000000E+00
 0.00000000E+00
 0.76860000E-03
 0.00000000E+00
 0.00000000E+00
 0.00000000E+00
 0.17040700E-01
 0.00000000E+00
 0.00000000E+00
 0.16886510E-01
 0.00000000E+00
 0.00000000E+00
 0.16845050E-01
 0.00000000E+00
 0.00000000E+00
-0.28347135E+00
 0.00000000E+00
 0.00000000E+00
 0.17239870E-01
 0.00000000E+00
 0.00000000E+00
 0.17810280E-01
 0.00000000E+00
 0.00000000E+00
 0.17213720E-01
 0.00000000E+00
 0.00000000E+00
-0.26895466E+00
 0.00000000E+00
 0.00000000E+00
 0.17525930E-01
 0.00000000E+00
 0.00000000E+00
 0.40845800E-02
 0.00000000E+00
 0.00000000E+00
 0.17516000E-01
 0.00000000E+00
 0.00000000E+00
 0.19581480E-01
 0.00000000E+00
 0.00000000E+00
-0.17996060E-01
 0.00000000E+00
 0.00000000E+00
-0.17996180E-01
 0.00000000E+00
 0.00000000E+00
-0.17937720E-01
 0.00000000E+00
 0.00000000E+00
 0.68124264E+00
 0.00000000E+00
 0.00000000E+00
-0.17407070E-01
 0.00000000E+00
 0.00000000E+00
-0.20141570E-01
 0.00000000E+00
 0.00000000E+00
-0.17406110E-01
 0.00000000E+00
 0.00000000E+00
-0.68539850E-01
 0.00000000E+00
 0.00000000E+00
-0.16244950E-01
 0.00000000E+00
 0.00000000E+00
-0.62689880E-01
 0.00000000E+00
 0.00000000E+00
-0.16249360E-01
 0.00000000E+00
 0.00000000E+00
-0.17952000E-01
 0.31424000E-02
 0.00000000E+00
 0.00000000E+00
-0.39500000E-05
 0.00000000E+00
 0.00000000E+00
-0.43871200E-02
 0.00000000E+00
 0.00000000E+00
 0.11500000E-05
 0.00000000E+00
 0.00000000E+00
-0.36190074E+00
 0.00000000E+00
 0.00000000E+00
-0.10000000E-07
 0.00000000E+00
 0.00000000E+00
-0.53330000E-04
 0.00000000E+00
 0.00000000E+00
 0.25090000E-04
 0.00000000E+00
 0.00000000E+00
-0.43223850E-01
 0.00000000E+00
 0.00000000E+00
-0.22000000E-06
 0.00000000E+00
 0.00000000E+00
-0.29060000E-04
 0.00000000E+00
 0.00000000E+00
-0.83160000E-04
 0.00000000E+00
 0.00000000E+00
-0.67697500E-02
 0.00000000E+00
 0.00000000E+00
-0.49000000E-06
 0.00000000E+00
 0.00000000E+00
-0.59097000E-03
 0.00000000E+00
 0.00000000E+00
 0.12790000E-04
 0.00000000E+00
 0.00000000E+00
 0.41970002E+00
 0.00000000E+00
 0.00000000E+00
-0.80000000E-07
 0.00000000E+00
 0.00000000E+00
 0.62170000E-04
 0.00000000E+00
 0.00000000E+00
 0.62120000E-04
 0.00000000E+00
 0.00000000E+00
-0.69006800E-02
 0.00000000E+00
 0.00000000E+00
 0.15400000E-05
 0.00000000E+00
 0.00000000E+00
-0.15000000E-05
 0.00000000E+00
 0.00000000E+00
 0.93763000E-03
 0.00000000E+00
 0.00000000E+00
 0.00000000E+00
 0.31424000E-02
 0.00000000E+00
 0.00000000E+00
-0.39500000E-05
 0.00000000E+00
 0.00000000E+00
-0.43871200E-02
 0.00000000E+00
 0.00000000E+00
 0.11500000E-05
 0.00000000E+00
 0.00000000E+00
-0.36190073E+00
 0.00000000E+00
 0.00000000E+00
-0.10000000E-07
 0.00000000E+00
 0.00000000E+00
-0.53330000E-04
 0.00000000E+00
 0.00000000E+00
 0.25090000E-04
 0.00000000E+00
 0.00000000E+00
-0.43223850E-01
 0.00000000E+00
 0.00000000E+00
-0.22000000E-06
 0.00000000E+00
 0.00000000E+00
-0.29060000E-04
 0.00000000E+00
 0.00000000E+00
-0.83160000E-04
 0.00000000E+00
 0.00000000E+00
-0.67697500E-02
 0.00000000E+00
 0.00000000E+00
-0.49000000E-06
 0.00000000E+00
 0.00000000E+00
-0.59097000E-03
 0.00000000E+00
 0.00000000E+00
 0.12790000E-04
 0.00000000E+00
 0.00000000E+00
 0.41970001E+00
 0.00000000E+00
 0.00000000E+00
-0.80000000E-07
 0.00000000E+00
 0.00000000E+00
 0.62170000E-04
 0.00000000E+00
 0.00000000E+00
 0.62120000E-04
 0.00000000E+00
 0.00000000E+00
-0.69006800E-02
 0.00000000E+00
 0.00000000E+00
 0.15400000E-05
 0.00000000E+00
 0.00000000E+00
-0.15000000E-05
 0.00000000E+00
 0.00000000E+00
 0.93763000E-03
 0.00000000E+00
 0.00000000E+00
 0.00000000E+00
 0.42888000E-02
 0.00000000E+00
 0.00000000E+00
 0.16347770E-01
 0.00000000E+00
 0.00000000E+00
 0.18476730E-01
 0.00000000E+00
 0.00000000E+00
 0.16342200E-01
 0.00000000E+00
 0.00000000E+00
-0.28786339E+00
 0.00000000E+00
 0.00000000E+00
 0.16694460E-01
 0.00000000E+00
 0.00000000E+00
 0.17189140E-01
 0.00000000E+00
 0.00000000E+00
 0.16753600E-01
 0.00000000E+00
 0.00000000E+00
-0.26886590E+00
 0.00000000E+00
 0.00000000E+00
 0.16993300E-01
 0.00000000E+00
 0.00000000E+00
 0.17034570E-01
 0.00000000E+00
 0.00000000E+00
 0.17159910E-01
 0.00000000E+00
 0.00000000E+00
-0.68527220E-01
 0.00000000E+00
 0.00000000E+00
-0.17402420E-01
 0.00000000E+00
 0.00000000E+00
-0.20141600E-01
 0.00000000E+00
 0.00000000E+00
-0.17407070E-01
 0.00000000E+00
 0.00000000E+00
 0.68887514E+00
 0.00000000E+00
 0.00000000E+00
-0.16873820E-01
 0.00000000E+00
 0.00000000E+00
-0.17061010E-01
 0.00000000E+00
 0.00000000E+00
-0.17060710E-01
 0.00000000E+00
 0.00000000E+00
-0.65986750E-01
 0.00000000E+00
 0.00000000E+00
-0.15754200E-01
 0.00000000E+00
 0.00000000E+00
-0.15780560E-01
 0.00000000E+00
 0.00000000E+00
-0.17430970E-01
-0.39500000E-05
 0.00000000E+00
 0.00000000E+00
 0.31423400E-02
 0.00000000E+00
 0.00000000E+00
 0.11500000E-05
 0.00000000E+00
 0.00000000E+00
-0.43871300E-02
 0.00000000E+00
 0.00000000E+00
-0.10000000E-07
 0.00000000E+00
 0.00000000E+00
-0.36190121E+00
 0.00000000E+00
 0.00000000E+00
 0.25090000E-04
 0.00000000E+00
 0.00000000E+00
-0.53330000E-04
 0.00000000E+00
 0.00000000E+00
-0.22000000E-06
 0.00000000E+00
 0.00000000E+00
-0.43223700E-01
 0.00000000E+00
 0.00000000E+00
-0.83160000E-04
 0.00000000E+00
 0.00000000E+00
-0.29060000E-04
 0.00000000E+00
 0.00000000E+00
-0.49000000E-06
 0.00000000E+00
 0.00000000E+00
-0.67698200E-02
 0.00000000E+00
 0.00000000E+00
 0.12790000E-04
 0.00000000E+00
 0.00000000E+00
-0.59097000E-03
 0.00000000E+00
 0.00000000E+00
-0.80000000E-07
 0.00000000E+00
 0.00000000E+00
 0.41970052E+00
 0.00000000E+00
 0.00000000E+00
 0.62120000E-04
 0.00000000E+00
 0.00000000E+00
 0.62170000E-04
 0.00000000E+00
 0.00000000E+00
 0.15400000E-05
 0.00000000E+00
 0.00000000E+00
-0.69007100E-02
 0.00000000E+00
 0.00000000E+00
 0.93762000E-03
 0.00000000E+00
 0.00000000E+00
-0.15000000E-05
 0.00000000E+00
 0.00000000E+00
 0.00000000E+00
-0.39500000E-05
 0.00000000E+00
 0.00000000E+00
 0.31423400E-02
 0.00000000E+00
 0.00000000E+00
 0.11500000E-05
 0.00000000E+00
 0.00000000E+00
-0.43871300E-02
 0.00000000E+00
 0.00000000E+00
-0.10000000E-07
 0.00000000E+00
 0.00000000E+00
-0.36190121E+00
 0.00000000E+00
 0.00000000E+00
 0.25090000E-04
 0.00000000E+00
 0.00000000E+00
-0.53330000E-04
 0.00000000E+00
 0.00000000E+00
-0.22000000E-06
 0.00000000E+00
 0.00000000E+00
-0.43223700E-01
 0.00000000E+00
 0.00000000E+00
-0.83160000E-04
 0.00000000E+00
 0.00000000E+00
-0.29060000E-04
 0.00000000E+00
 0.00000000E+00
-0.49000000E-06
 0.00000000E+00
 0.00000000E+00
-0.67698200E-02
 0.00000000E+00
 0.00000000E+00
 0.12790000E-04
 0.00000000E+00
 0.00000000E+00
-0.59097000E-03
 0.00000000E+00
 0.00000000E+00
-0.80000000E-07
 0.00000000E+00
 0.00000000E+00
 0.41970052E+00
 0.00000000E+00
 0.00000000E+00
 0.62120000E-04
 0.00000000E+00
 0.00000000E+00
 0.62170000E-04
 0.00000000E+00
 0.00000000E+00
 0.15400000E-05
 0.00000000E+00
 0.00000000E+00
-0.69007100E-02
 0.00000000E+00
 0.00000000E+00
 0.93762000E-03
 0.00000000E+00
 0.00000000E+00
-0.15000000E-05
 0.00000000E+00
 0.00000000E+00
 0.00000000E+00
 0.16348020E-01
 0.00000000E+00
 0.00000000E+00
 0.42887000E-02
 0.00000000E+00
 0.00000000E+00
 0.16342200E-01
 0.00000000E+00
 0.00000000E+00
 0.18476780E-01
 0.00000000E+00
 0.00000000E+00
 0.16694650E-01
 0.00000000E+00
 0.00000000E+00
-0.28786178E+00
 0.00000000E+00
 0.00000000E+00
 0.16753540E-01
 0.00000000E+00
 0.00000000E+00
 0.17189310E-01
 0.00000000E+00
 0.00000000E+00
 0.16993400E-01
 0.00000000E+00
 0.00000000E+00
-0.26886624E+00
 0.00000000E+00
 0.00000000E+00
 0.17159850E-01
 0.00000000E+00
 0.00000000E+00
 0.17034810E-01
 0.00000000E+00
 0.00000000E+00
-0.17402310E-01
 0.00000000E+00
 0.00000000E+00
-0.68527650E-01
 0.00000000E+00
 0.00000000E+00
-0.17407340E-01
 0.00000000E+00
 0.00000000E+00
-0.20141570E-01
 0.00000000E+00
 0.00000000E+00
-0.16873820E-01
 0.00000000E+00
 0.00000000E+00
 0.68887432E+00
 0.00000000E+00
 0.00000000E+00
-0.17061060E-01
 0.00000000E+00
 0.00000000E+00
-0.17060880E-01
 0.00000000E+00
 0.00000000E+00
-0.15754330E-01
 0.00000000E+00
 0.00000000E+00
-0.65986860E-01
 0.00000000E+00
 0.00000000E+00
-0.17431350E-01
 0.00000000E+00
 0.00000000E+00
-0.15780390E-01
 0.11500000E-05
 0.00000000E+00
 0.00000000E+00
-0.43863900E-02
 0.00000000E+00
 0.00000000E+00
 0.31442000E-02
 0.00000000E+00
 0.00000000E+00
-0.39500000E-05
 0.00000000E+00
 0.00000000E+00
 0.25080000E-04
 0.00000000E+00
 0.00000000E+00
-0.53350000E-04
 0.00000000E+00
 0.00000000E+00
-0.36196642E+00
 0.00000000E+00
 0.00000000E+00
-0.10000000E-07
 0.00000000E+00
 0.00000000E+00
-0.83230000E-04
 0.00000000E+00
 0.00000000E+00
-0.29040000E-04
 0.00000000E+00
 0.00000000E+00
-0.43212020E-01
 0.00000000E+00
 0.00000000E+00
-0.22000000E-06
 0.00000000E+00
 0.00000000E+00
 0.12800000E-04
 0.00000000E+00
 0.00000000E+00
-0.59079000E-03
 0.00000000E+00
 0.00000000E+00
-0.67744400E-02
 0.00000000E+00
 0.00000000E+00
-0.49000000E-06
 0.00000000E+00
 0.00000000E+00
 0.62170000E-04
 0.00000000E+00
 0.00000000E+00
 0.62120000E-04
 0.00000000E+00
 0.00000000E+00
 0.41975935E+00
 0.00000000E+00
 0.00000000E+00
-0.80000000E-07
 0.00000000E+00
 0.00000000E+00
 0.93806000E-03
 0.00000000E+00
 0.00000000E+00
-0.14900000E-05
 0.00000000E+00
 0.00000000E+00
-0.69045500E-02
 0.00000000E+00
 0.00000000E+00
 0.15400000E-05
 0.00000000E+00
 0.00000000E+00
 0.00000000E+00
 0.11500000E-05
 0.00000000E+00
 0.00000000E+00
-0.43863900E-02
 0.00000000E+00
 0.00000000E+00
 0.31442000E-02
 0.00000000E+00
 0.00000000E+00
-0.39500000E-05
 0.00000000E+00
 0.00000000E+00
 0.25080000E-04
 0.00000000E+00
 0.00000000E+00
-0.53350000E-04
 0.00000000E+00
 0.00000000E+00
-0.36196641E+00
 0.00000000E+00
 0.00000000E+00
-0.10000000E-07
 0.00000000E+00
 0.00000000E+00
-0.83230000E-04
 0.00000000E+00
 0.00000000E+00
-0.29040000E-04
 0.00000000E+00
 0.00000000E+00
-0.43212020E-01
 0.00000000E+00
 0.00000000E+00
-0.22000000E-06
 0.00000000E+00
 0.00000000E+00
 0.12800000E-04
 0.00000000E+00
 0.00000000E+00
-0.59079000E-03
 0.00000000E+00
 0.00000000E+00
-0.67744400E-02
 0.00000000E+00
 0.00000000E+00
-0.49000000E-06
 0.00000000E+00
 0.00000000E+00
 0.62170000E-04
 0.00000000E+00
 0.00000000E+00
 0.62120000E-04
 0.00000000E+00
 0.00000000E+00
 0.41975934E+00
 0.00000000E+00
 0.00000000E+00
-0.80000000E-07
 0.00000000E+00
 0.00000000E+00
 0.93806000E-03
 0.00000000E+00
 0.00000000E+00
-0.14900000E-05
 0.00000000E+00
 0.00000000E+00
-0.69045500E-02
 0.00000000E+00
 0.00000000E+00
 0.15400000E-05
 0.00000000E+00
 0.00000000E+00
 0.00000000E+00
 0.16344030E-01
 0.00000000E+00
 0.00000000E+00
 0.18478200E-01
 0.00000000E+00
 0.00000000E+00
 0.42827000E-02
 0.00000000E+00
 0.00000000E+00
 0.16350600E-01
 0.00000000E+00
 0.00000000E+00
 0.16754230E-01
 0.00000000E+00
 0.00000000E+00
 0.17189740E-01
 0.00000000E+00
 0.00000000E+00
-0.28784983E+00
 0.00000000E+00
 0.00000000E+00
 0.16698520E-01
 0.00000000E+00
 0.00000000E+00
 0.17160660E-01
 0.00000000E+00
 0.00000000E+00
 0.17036150E-01
 0.00000000E+00
 0.00000000E+00
-0.26902107E+00
 0.00000000E+00
 0.00000000E+00
 0.16996740E-01
 0.00000000E+00
 0.00000000E+00
-0.17407970E-01
 0.00000000E+00
 0.00000000E+00
-0.20142360E-01
 0.00000000E+00
 0.00000000E+00
-0.68540380E-01
 0.00000000E+00
 0.00000000E+00
-0.17406110E-01
 0.00000000E+00
 0.00000000E+00
-0.17061010E-01
 0.00000000E+00
 0.00000000E+00
-0.17061060E-01
 0.00000000E+00
 0.00000000E+00
 0.68904279E+00
 0.00000000E+00
 0.00000000E+00
-0.16878180E-01
 0.00000000E+00
 0.00000000E+00
-0.17432810E-01
 0.00000000E+00
 0.00000000E+00
-0.15781390E-01
 0.00000000E+00
 0.00000000E+00
-0.65994540E-01
 0.00000000E+00
 0.00000000E+00
-0.15757650E-01
-0.43864500E-02
 0.00000000E+00
 0.00000000E+00
 0.11500000E-05
 0.00000000E+00
 0.00000000E+00
-0.39500000E-05
 0.00000000E+00
 0.00000000E+00
 0.31442400E-02
 0.00000000E+00
 0.00000000E+00
-0.53350000E-04
 0.00000000E+00
 0.00000000E+00
 0.25080000E-04
 0.00000000E+00
 0.00000000E+00
-0.10000000E-07
 0.00000000E+00
 0.00000000E+00
-0.36196554E+00
 0.00000000E+00
 0.00000000E+00
-0.29040000E-04
 0.00000000E+00
 0.00000000E+00
-0.83230000E-04
 0.00000000E+00
 0.00000000E+00
-0.22000000E-06
 0.00000000E+00
 0.00000000E+00
-0.43213370E-01
 0.00000000E+00
 0.00000000E+00
-0.59079000E-03
 0.00000000E+00
 0.00000000E+00
 0.12800000E-04
 0.00000000E+00
 0.00000000E+00
-0.49000000E-06
 0.00000000E+00
 0.00000000E+00
-0.67743600E-02
 0.00000000E+00
 0.00000000E+00
 0.62120000E-04
 0.00000000E+00
 0.00000000E+00
 0.62170000E-04
 0.00000000E+00
 0.00000000E+00
-0.80000000E-07
 0.00000000E+00
 0.00000000E+00
 0.41975965E+00
 0.00000000E+00
 0.00000000E+00
-0.14900000E-05
 0.00000000E+00
 0.00000000E+00
 0.93807000E-03
 0.00000000E+00
 0.00000000E+00
 0.15400000E-05
 0.00000000E+00
 0.00000000E+00
-0.69044500E-02
 0.00000000E+00
 0.00000000E+00
 0.00000000E+00
-0.43864500E-02
 0.00000000E+00
 0.00000000E+00
 0.11500000E-05
 0.00000000E+00
 0.00000000E+00
-0.39500000E-05
 0.00000000E+00
 0.00000000E+00
 0.31442400E-02
 0.00000000E+00
 0.00000000E+00
-0.53350000E-04
 0.00000000E+00
 0.00000000E+00
 0.25080000E-04
 0.00000000E+00
 0.00000000E+00
-0.10000000E-07
 0.00000000E+00
 0.00000000E+00
-0.36196554E+00
 0.00000000E+00
 0.00000000E+00
-0.29040000E-04
 0.00000000E+00
 0.00000000E+00
-0.83230000E-04
 0.00000000E+00
 0.00000000E+00
-0.22000000E-06
 0.00000000E+00
 0.00000000E+00
-0.43213370E-01
 0.00000000E+00
 0.00000000E+00
-0.59079000E-03
 0.00000000E+00
 0.00000000E+00
 0.12800000E-04
 0.00000000E+00
 0.00000000E+00
-0.49000000E-06
 0.00000000E+00
 0.00000000E+00
-0.67743600E-02
 0.00000000E+00
 0.00000000E+00
 0.62120000E-04
 0.00000000E+00
 0.00000000E+00
 0.62170000E-04
 0.00000000E+00
 0.00000000E+00
-0.80000000E-07
 0.00000000E+00
 0.00000000E+00
 0.41975965E+00
 0.00000000E+00
 0.00000000E+00
-0.14900000E-05
 0.00000000E+00
 0.00000000E+00
 0.93807000E-03
 0.00000000E+00
 0.00000000E+00
 0.15400000E-05
 0.00000000E+00
 0.00000000E+00
-0.69044500E-02
 0.00000000E+00
 0.00000000E+00
 0.00000000E+00
 0.18478230E-01
 0.00000000E+00
 0.00000000E+00
 0.16343710E-01
 0.00000000E+00
 0.00000000E+00
 0.16350350E-01
 0.00000000E+00
 0.00000000E+00
 0.42828400E-02
 0.00000000E+00
 0.00000000E+00
 0.17189680E-01
 0.00000000E+00
 0.00000000E+00
 0.16754000E-01
 0.00000000E+00
 0.00000000E+00
 0.16698170E-01
 0.00000000E+00
 0.00000000E+00
-0.28785262E+00
 0.00000000E+00
 0.00000000E+00
 0.17036000E-01
 0.00000000E+00
 0.00000000E+00
 0.17160560E-01
 0.00000000E+00
 0.00000000E+00
 0.16996360E-01
 0.00000000E+00
 0.00000000E+00
-0.26901958E+00
 0.00000000E+00
 0.00000000E+00
-0.20141890E-01
 0.00000000E+00
 0.00000000E+00
-0.17407940E-01
 0.00000000E+00
 0.00000000E+00
-0.17406010E-01
 0.00000000E+00
 0.00000000E+00
-0.68539850E-01
 0.00000000E+00
 0.00000000E+00
-0.17060710E-01
 0.00000000E+00
 0.00000000E+00
-0.17060880E-01
 0.00000000E+00
 0.00000000E+00
-0.16878180E-01
 0.00000000E+00
 0.00000000E+00
 0.68904305E+00
 0.00000000E+00
 0.00000000E+00
-0.15781180E-01
 0.00000000E+00
 0.00000000E+00
-0.17432560E-01
 0.00000000E+00
 0.00000000E+00
-0.15757700E-01
 0.00000000E+00
 0.00000000E+00
-0.65993850E-01
 0.65400000E-04
 0.00000000E+00
 0.00000000E+00
-0.94460000E-04
 0.00000000E+00
 0.00000000E+00
-0.43954840E-01
 0.00000000E+00
 0.00000000E+00
-0.23000000E-06
 0.00000000E+00
 0.00000000E+00
 0.29571900E-02
 0.00000000E+00
 0.00000000E+00
-0.40200000E-05
 0.00000000E+00
 0.00000000E+00
-0.46499700E-02
 0.00000000E+00
 0.00000000E+00
 0.18000000E-05
 0.00000000E+00
 0.00000000E+00
-0.36000698E+00
 0.00000000E+00
 0.00000000E+00
-0.19400000E-05
 0.00000000E+00
 0.00000000E+00
-0.67225000E-03
 0.00000000E+00
 0.00000000E+00
 0.10700000E-05
 0.00000000E+00
 0.00000000E+00
 0.76853000E-03
 0.00000000E+00
 0.00000000E+00
-0.54400000E-05
 0.00000000E+00
 0.00000000E+00
-0.65143400E-02
 0.00000000E+00
 0.00000000E+00
 0.89000000E-06
 0.00000000E+00
 0.00000000E+00
-0.69006800E-02
 0.00000000E+00
 0.00000000E+00
 0.15400000E-05
 0.00000000E+00
 0.00000000E+00
 0.93806000E-03
 0.00000000E+00
 0.00000000E+00
-0.14900000E-05
 0.00000000E+00
 0.00000000E+00
 0.41796653E+00
 0.00000000E+00
 0.00000000E+00
 0.21000000E-06
 0.00000000E+00
 0.00000000E+00
 0.52710000E-04
 0.00000000E+00
 0.00000000E+00
 0.52710000E-04
 0.00000000E+00
 0.00000000E+00
 0.00000000E+00
 0.65400000E-04
 0.00000000E+00
 0.00000000E+00
-0.94460000E-04
 0.00000000E+00
 0.00000000E+00
-0.43954840E-01
 0.00000000E+00
 0.00000000E+00
-0.23000000E-06
 0.00000000E+00
 0.00000000E+00
 0.29571900E-02
 0.00000000E+00
 0.00000000E+00
-0.40200000E-05
 0.00000000E+00
 0.00000000E+00
-0.46499700E-02
 0.00000000E+00
 0.00000000E+00
 0.18000000E-05
 0.00000000E+00
 0.00000000E+00
-0.36000698E+00
 0.00000000E+00
 0.00000000E+00
-0.19400000E-05
 0.00000000E+00
 0.00000000E+00
-0.67225000E-03
 0.00000000E+00
 0.00000000E+00
 0.10700000E-05
 0.00000000E+00
 0.00000000E+00
 0.76853000E-03
 0.00000000E+00
 0.00000000E+00
-0.54400000E-05
 0.00000000E+00
 0.00000000E+00
-0.65143400E-02
 0.00000000E+00
 0.00000000E+00
 0.89000000E-06
 0.00000000E+00
 0.00000000E+00
-0.69006800E-02
 0.00000000E+00
 0.00000000E+00
 0.15400000E-05
 0.00000000E+00
 0.00000000E+00
 0.93806000E-03
 0.00000000E+00
 0.00000000E+00
-0.14900000E-05
 0.00000000E+00
 0.00000000E+00
 0.41796653E+00
 0.00000000E+00
 0.00000000E+00
 0.21000000E-06
 0.00000000E+00
 0.00000000E+00
 0.52710000E-04
 0.00000000E+00
 0.00000000E+00
 0.52710000E-04
 0.00000000E+00
 0.00000000E+00
 0.00000000E+00
 0.15455240E-01
 0.00000000E+00
 0.00000000E+00
 0.15272350E-01
 0.00000000E+00
 0.00000000E+00
-0.26091500E+00
 0.00000000E+00
 0.00000000E+00
 0.15255350E-01
 0.00000000E+00
 0.00000000E+00
 0.38222400E-02
 0.00000000E+00
 0.00000000E+00
 0.15584170E-01
 0.00000000E+00
 0.00000000E+00
 0.19266840E-01
 0.00000000E+00
 0.00000000E+00
 0.15593320E-01
 0.00000000E+00
 0.00000000E+00
-0.28718604E+00
 0.00000000E+00
 0.00000000E+00
 0.15867530E-01
 0.00000000E+00
 0.00000000E+00
 0.15989620E-01
 0.00000000E+00
 0.00000000E+00
 0.15891020E-01
 0.00000000E+00
 0.00000000E+00
-0.17948480E-01
 0.00000000E+00
 0.00000000E+00
-0.16246910E-01
 0.00000000E+00
 0.00000000E+00
-0.62690110E-01
 0.00000000E+00
 0.00000000E+00
-0.16244950E-01
 0.00000000E+00
 0.00000000E+00
-0.65986750E-01
 0.00000000E+00
 0.00000000E+00
-0.15754330E-01
 0.00000000E+00
 0.00000000E+00
-0.17432810E-01
 0.00000000E+00
 0.00000000E+00
-0.15781180E-01
 0.00000000E+00
 0.00000000E+00
 0.67231962E+00
 0.00000000E+00
 0.00000000E+00
-0.14709850E-01
 0.00000000E+00
 0.00000000E+00
-0.14710650E-01
 0.00000000E+00
 0.00000000E+00
-0.14710240E-01
-0.94460000E-04
 0.00000000E+00
 0.00000000E+00
 0.65400000E-04
 0.00000000E+00
 0.00000000E+00
-0.23000000E-06
 0.00000000E+00
 0.00000000E+00
-0.43955350E-01
 0.00000000E+00
 0.00000000E+00
-0.40200000E-05
 0.00000000E+00
 0.00000000E+00
 0.29571600E-02
 0.00000000E+00
 0.00000000E+00
 0.18000000E-05
 0.00000000E+00
 0.00000000E+00
-0.46499900E-02
 0.00000000E+00
 0.00000000E+00
-0.19400000E-05
 0.00000000E+00
 0.00000000E+00
-0.36000696E+00
 0.00000000E+00
 0.00000000E+00
 0.10700000E-05
 0.00000000E+00
 0.00000000E+00
-0.67226000E-03
 0.00000000E+00
 0.00000000E+00
-0.54400000E-05
 0.00000000E+00
 0.00000000E+00
 0.76852000E-03
 0.00000000E+00
 0.00000000E+00
 0.89000000E-06
 0.00000000E+00
 0.00000000E+00
-0.65143100E-02
 0.00000000E+00
 0.00000000E+00
 0.15400000E-05
 0.00000000E+00
 0.00000000E+00
-0.69007100E-02
 0.00000000E+00
 0.00000000E+00
-0.14900000E-05
 0.00000000E+00
 0.00000000E+00
 0.93807000E-03
 0.00000000E+00
 0.00000000E+00
 0.21000000E-06
 0.00000000E+00
 0.00000000E+00
 0.41796708E+00
 0.00000000E+00
 0.00000000E+00
 0.52710000E-04
 0.00000000E+00
 0.00000000E+00
 0.52710000E-04
 0.00000000E+00
 0.00000000E+00
 0.00000000E+00
-0.94460000E-04
 0.00000000E+00
 0.00000000E+00
 0.65400000E-04
 0.00000000E+00
 0.00000000E+00
-0.23000000E-06
 0.00000000E+00
 0.00000000E+00
-0.43955350E-01
 0.00000000E+00
 0.00000000E+00
-0.40200000E-05
 0.00000000E+00
 0.00000000E+00
 0.29571600E-02
 0.00000000E+00
 0.00000000E+00
 0.18000000E-05
 0.00000000E+00
 0.00000000E+00
-0.46499900E-02
 0.00000000E+00
 0.00000000E+00
-0.19400000E-05
 0.00000000E+00
 0.00000000E+00
-0.36000696E+00
 0.00000000E+00
 0.00000000E+00
 0.10700000E-05
 0.00000000E+00
 0.00000000E+00
-0.67226000E-03
 0.00000000E+00
 0.00000000E+00
-0.54400000E-05
 0.00000000E+00
 0.00000000E+00
 0.76852000E-03
 0.00000000E+00
 0.00000000E+00
 0.89000000E-06
 0.00000000E+00
 0.00000000E+00
-0.65143100E-02
 0.00000000E+00
 0.00000000E+00
 0.15400000E-05
 0.00000000E+00
 0.00000000E+00
-0.69007100E-02
 0.00000000E+00
 0.00000000E+00
-0.14900000E-05
 0.00000000E+00
 0.00000000E+00
 0.93807000E-03
 0.00000000E+00
 0.00000000E+00
 0.21000000E-06
 0.00000000E+00
 0.00000000E+00
 0.41796708E+00
 0.00000000E+00
 0.00000000E+00
 0.52710000E-04
 0.00000000E+00
 0.00000000E+00
 0.52710000E-04
 0.00000000E+00
 0.00000000E+00
 0.00000000E+00
 0.15272470E-01
 0.00000000E+00
 0.00000000E+00
 0.15455150E-01
 0.00000000E+00
 0.00000000E+00
 0.15255250E-01
 0.00000000E+00
 0.00000000E+00
-0.26091455E+00
 0.00000000E+00
 0.00000000E+00
 0.15584240E-01
 0.00000000E+00
 0.00000000E+00
 0.38222200E-02
 0.00000000E+00
 0.00000000E+00
 0.15593160E-01
 0.00000000E+00
 0.00000000E+00
 0.19266910E-01
 0.00000000E+00
 0.00000000E+00
 0.15867530E-01
 0.00000000E+00
 0.00000000E+00
-0.28718602E+00
 0.00000000E+00
 0.00000000E+00
 0.15890860E-01
 0.00000000E+00
 0.00000000E+00
 0.15989720E-01
 0.00000000E+00
 0.00000000E+00
-0.16246680E-01
 0.00000000E+00
 0.00000000E+00
-0.17948670E-01
 0.00000000E+00
 0.00000000E+00
-0.16245080E-01
 0.00000000E+00
 0.00000000E+00
-0.62689880E-01
 0.00000000E+00
 0.00000000E+00
-0.15754200E-01
 0.00000000E+00
 0.00000000E+00
-0.65986860E-01
 0.00000000E+00
 0.00000000E+00
-0.15781390E-01
 0.00000000E+00
 0.00000000E+00
-0.17432560E-01
 0.00000000E+00
 0.00000000E+00
-0.14709850E-01
 0.00000000E+00
 0.00000000E+00
 0.67231907E+00
 0.00000000E+00
 0.00000000E+00
-0.14710470E-01
 0.00000000E+00
 0.00000000E+00
-0.14710370E-01
-0.23000000E-06
 0.00000000E+00
 0.00000000E+00
-0.43954100E-01
 0.00000000E+00
 0.00000000E+00
 0.65420000E-04
 0.00000000E+00
 0.00000000E+00
-0.94440000E-04
 0.00000000E+00
 0.00000000E+00
 0.18000000E-05
 0.00000000E+00
 0.00000000E+00
-0.46490300E-02
 0.00000000E+00
 0.00000000E+00
 0.29587000E-02
 0.00000000E+00
 0.00000000E+00
-0.40200000E-05
 0.00000000E+00
 0.00000000E+00
 0.10700000E-05
 0.00000000E+00
 0.00000000E+00
-0.67197000E-03
 0.00000000E+00
 0.00000000E+00
-0.36001654E+00
 0.00000000E+00
 0.00000000E+00
-0.19500000E-05
 0.00000000E+00
 0.00000000E+00
 0.89000000E-06
 0.00000000E+00
 0.00000000E+00
-0.65128800E-02
 0.00000000E+00
 0.00000000E+00
 0.76859000E-03
 0.00000000E+00
 0.00000000E+00
-0.54400000E-05
 0.00000000E+00
 0.00000000E+00
-0.15000000E-05
 0.00000000E+00
 0.00000000E+00
 0.93762000E-03
 0.00000000E+00
 0.00000000E+00
-0.69045500E-02
 0.00000000E+00
 0.00000000E+00
 0.15400000E-05
 0.00000000E+00
 0.00000000E+00
 0.52710000E-04
 0.00000000E+00
 0.00000000E+00
 0.52710000E-04
 0.00000000E+00
 0.00000000E+00
 0.41797539E+00
 0.00000000E+00
 0.00000000E+00
 0.21000000E-06
 0.00000000E+00
 0.00000000E+00
 0.00000000E+00
-0.23000000E-06
 0.00000000E+00
 0.00000000E+00
-0.43954100E-01
 0.00000000E+00
 0.00000000E+00
 0.65420000E-04
 0.00000000E+00
 0.00000000E+00
-0.94440000E-04
 0.00000000E+00
 0.00000000E+00
 0.18000000E-05
 0.00000000E+00
 0.00000000E+00
-0.46490300E-02
 0.00000000E+00
 0.00000000E+00
 0.29587000E-02
 0.00000000E+00
 0.00000000E+00
-0.40200000E-05
 0.00000000E+00
 0.00000000E+00
 0.10700000E-05
 0.00000000E+00
 0.00000000E+00
-0.67197000E-03
 0.00000000E+00
 0.00000000E+00
-0.36001654E+00
 0.00000000E+00
 0.00000000E+00
-0.19500000E-05
 0.00000000E+00
 0.00000000E+00
 0.89000000E-06
 0.00000000E+00
 0.00000000E+00
-0.65128800E-02
 0.00000000E+00
 0.00000000E+00
 0.76859000E-03
 0.00000000E+00
 0.00000000E+00
-0.54400000E-05
 0.00000000E+00
 0.00000000E+00
-0.15000000E-05
 0.00000000E+00
 0.00000000E+00
 0.93762000E-03
 0.00000000E+00
 0.00000000E+00
-0.69045500E-02
 0.00000000E+00
 0.00000000E+00
 0.15400000E-05
 0.00000000E+00
 0.00000000E+00
 0.52710000E-04
 0.00000000E+00
 0.00000000E+00
 0.52710000E-04
 0.00000000E+00
 0.00000000E+00
 0.41797539E+00
 0.00000000E+00
 0.00000000E+00
 0.21000000E-06
 0.00000000E+00
 0.00000000E+00
 0.00000000E+00
 0.15256120E-01
 0.00000000E+00
 0.00000000E+00
-0.26086530E+00
 0.00000000E+00
 0.00000000E+00
 0.15456860E-01
 0.00000000E+00
 0.00000000E+00
 0.15274340E-01
 0.00000000E+00
 0.00000000E+00
 0.15593220E-01
 0.00000000E+00
 0.00000000E+00
 0.19266680E-01
 0.00000000E+00
 0.00000000E+00
 0.38206700E-02
 0.00000000E+00
 0.00000000E+00
 0.15586870E-01
 0.00000000E+00
 0.00000000E+00
 0.15891190E-01
 0.00000000E+00
 0.00000000E+00
 0.15989680E-01
 0.00000000E+00
 0.00000000E+00
-0.28718466E+00
 0.00000000E+00
 0.00000000E+00
 0.15870730E-01
 0.00000000E+00
 0.00000000E+00
-0.16245070E-01
 0.00000000E+00
 0.00000000E+00
-0.62687760E-01
 0.00000000E+00
 0.00000000E+00
-0.17952420E-01
 0.00000000E+00
 0.00000000E+00
-0.16249360E-01
 0.00000000E+00
 0.00000000E+00
-0.15780560E-01
 0.00000000E+00
 0.00000000E+00
-0.17431350E-01
 0.00000000E+00
 0.00000000E+00
-0.65994540E-01
 0.00000000E+00
 0.00000000E+00
-0.15757700E-01
 0.00000000E+00
 0.00000000E+00
-0.14710650E-01
 0.00000000E+00
 0.00000000E+00
-0.14710470E-01
 0.00000000E+00
 0.00000000E+00
 0.67227522E+00
 0.00000000E+00
 0.00000000E+00
-0.14711740E-01
-0.43955310E-01
 0.00000000E+00
 0.00000000E+00
-0.23000000E-06
 0.00000000E+00
 0.00000000E+00
-0.94440000E-04
 0.00000000E+00
 0.00000000E+00
 0.65420000E-04
 0.00000000E+00
 0.00000000E+00
-0.46490700E-02
 0.00000000E+00
 0.00000000E+00
 0.18000000E-05
 0.00000000E+00
 0.00000000E+00
-0.40200000E-05
 0.00000000E+00
 0.00000000E+00
 0.29587600E-02
 0.00000000E+00
 0.00000000E+00
-0.67198000E-03
 0.00000000E+00
 0.00000000E+00
 0.10700000E-05
 0.00000000E+00
 0.00000000E+00
-0.19500000E-05
 0.00000000E+00
 0.00000000E+00
-0.36001556E+00
 0.00000000E+00
 0.00000000E+00
-0.65128000E-02
 0.00000000E+00
 0.00000000E+00
 0.89000000E-06
 0.00000000E+00
 0.00000000E+00
-0.54400000E-05
 0.00000000E+00
 0.00000000E+00
 0.76860000E-03
 0.00000000E+00
 0.00000000E+00
 0.93763000E-03
 0.00000000E+00
 0.00000000E+00
-0.15000000E-05
 0.00000000E+00
 0.00000000E+00
 0.15400000E-05
 0.00000000E+00
 0.00000000E+00
-0.69044500E-02
 0.00000000E+00
 0.00000000E+00
 0.52710000E-04
 0.00000000E+00
 0.00000000E+00
 0.52710000E-04
 0.00000000E+00
 0.00000000E+00
 0.21000000E-06
 0.00000000E+00
 0.00000000E+00
 0.41797541E+00
 0.00000000E+00
 0.00000000E+00
 0.00000000E+00
-0.43955310E-01
 0.00000000E+00
 0.00000000E+00
-0.23000000E-06
 0.00000000E+00
 0.00000000E+00
-0.94440000E-04
 0.00000000E+00
 0.00000000E+00
 0.65420000E-04
 0.00000000E+00
 0.00000000E+00
-0.46490700E-02
 0.00000000E+00
 0.00000000E+00
 0.18000000E-05
 0.00000000E+00
 0.00000000E+00
-0.40200000E-05
 0.00000000E+00
 0.00000000E+00
 0.29587600E-02
 0.00000000E+00
 0.00000000E+00
-0.67198000E-03
 0.00000000E+00
 0.00000000E+00
 0.10700000E-05
 0.00000000E+00
 0.00000000E+00
-0.19500000E-05
 0.00000000E+00
 0.00000000E+00
-0.36001556E+00
 0.00000000E+00
 0.00000000E+00
-0.65128000E-02
 0.00000000E+00
 0.00000000E+00
 0.89000000E-06
 0.00000000E+00
 0.00000000E+00
-0.54400000E-05
 0.00000000E+00
 0.00000000E+00
 0.76860000E-03
 0.00000000E+00
 0.00000000E+00
 0.93763000E-03
 0.00000000E+00
 0.00000000E+00
-0.15000000E-05
 0.00000000E+00
 0.00000000E+00
 0.15400000E-05
 0.00000000E+00
 0.00000000E+00
-0.69044500E-02
 0.00000000E+00
 0.00000000E+00
 0.52710000E-04
 0.00000000E+00
 0.00000000E+00
 0.52710000E-04
 0.00000000E+00
 0.00000000E+00
 0.21000000E-06
 0.00000000E+00
 0.00000000E+00
 0.41797541E+00
 0.00000000E+00
 0.00000000E+00
 0.00000000E+00
-0.26086376E+00
 0.00000000E+00
 0.00000000E+00
 0.15255760E-01
 0.00000000E+00
 0.00000000E+00
 0.15274090E-01
 0.00000000E+00
 0.00000000E+00
 0.15456790E-01
 0.00000000E+00
 0.00000000E+00
 0.19266690E-01
 0.00000000E+00
 0.00000000E+00
 0.15592930E-01
 0.00000000E+00
 0.00000000E+00
 0.15586520E-01
 0.00000000E+00
 0.00000000E+00
 0.38208300E-02
 0.00000000E+00
 0.00000000E+00
 0.15989540E-01
 0.00000000E+00
 0.00000000E+00
 0.15891000E-01
 0.00000000E+00
 0.00000000E+00
 0.15870340E-01
 0.00000000E+00
 0.00000000E+00
-0.28718788E+00
 0.00000000E+00
 0.00000000E+00
-0.62687150E-01
 0.00000000E+00
 0.00000000E+00
-0.16245000E-01
 0.00000000E+00
 0.00000000E+00
-0.16249220E-01
 0.00000000E+00
 0.00000000E+00
-0.17952000E-01
 0.00000000E+00
 0.00000000E+00
-0.17430970E-01
 0.00000000E+00
 0.00000000E+00
-0.15780390E-01
 0.00000000E+00
 0.00000000E+00
-0.15757650E-01
 0.00000000E+00
 0.00000000E+00
-0.65993850E-01
 0.00000000E+00
 0.00000000E+00
-0.14710240E-01
 0.00000000E+00
 0.00000000E+00
-0.14710370E-01
 0.00000000E+00
 0.00000000E+00
-0.14711740E-01
 0.00000000E+00
 0.00000000E+00
 0.67227573E+00
