           1      10947.0833589781     
           2      25598.3672624059     
    1    1      0.0000000000      0.0000000000      0.6162806135
    2    1      0.0000000000      0.0000000000      3.0697608254
    3    1     -0.0000005002      0.5773513226      1.4326745257
    4    1      0.5000011629      0.2886752279      3.8860788912
    5    1      0.5000011629      0.2886752279      2.2496336691
    6    1     -0.0000005002      0.5773513226      4.7029682054
    7    2     -0.0000005002      0.5773513226      0.8193639823
    8    2      0.5000011629      0.2886752279      3.2728126244
    9    2      0.5000011629      0.2886752279      1.6363231952
   10    2     -0.0000005002      0.5773513226      4.0896917024
   11    2      0.0000000000      0.0000000000      2.4546774601
   12    2      0.0000000000      0.0000000000      4.9080063084

     Dynamical  Matrix in cartesian axes

     q = (    0.000000000   0.000000000   0.000000000 ) 

    1    1
  0.41304497   0.00000000     0.00000000   0.00000000     0.00000000   0.00000000
  0.00000000   0.00000000     0.41304497   0.00000000     0.00000000   0.00000000
  0.00000000   0.00000000     0.00000000   0.00000000     0.58235989   0.00000000
    1    2
 -0.00019412   0.00000000    -0.00000000   0.00000000     0.00000000   0.00000000
 -0.00000000   0.00000000    -0.00019412   0.00000000     0.00000000   0.00000000
  0.00000000   0.00000000     0.00000000   0.00000000    -0.03171922   0.00000000
    1    3
 -0.00617082   0.00000000    -0.00000000   0.00000000     0.00000000   0.00000000
 -0.00000000   0.00000000    -0.00617082   0.00000000     0.00000000   0.00000000
 -0.00000000   0.00000000    -0.00000000   0.00000000    -0.04421143   0.00000000
    1    4
 -0.00089439   0.00000000    -0.00000000   0.00000000     0.00000000   0.00000000
 -0.00000000   0.00000000    -0.00089439   0.00000000     0.00000000   0.00000000
  0.00000000   0.00000000     0.00000000   0.00000000    -0.03311056   0.00000000
    1    5
 -0.00111972   0.00000000    -0.00000000   0.00000000     0.00000000   0.00000000
 -0.00000000   0.00000000    -0.00111972   0.00000000     0.00000000   0.00000000
  0.00000000   0.00000000     0.00000000   0.00000000    -0.03340274   0.00000000
    1    6
  0.00050675   0.00000000     0.00000000   0.00000000     0.00000000   0.00000000
  0.00000000   0.00000000     0.00050675   0.00000000     0.00000000   0.00000000
  0.00000000   0.00000000     0.00000000   0.00000000    -0.04779441   0.00000000
    1    7
 -0.35927979   0.00000000    -0.00000000   0.00000000     0.00000000   0.00000000
 -0.00000000   0.00000000    -0.35927978   0.00000000     0.00000000   0.00000000
  0.00000000   0.00000000     0.00000000   0.00000000    -0.26664086   0.00000000
    1    8
 -0.00067397   0.00000000    -0.00000000   0.00000000     0.00000000   0.00000000
 -0.00000000   0.00000000    -0.00067397   0.00000000     0.00000000   0.00000000
  0.00000000   0.00000000     0.00000000   0.00000000     0.03392720   0.00000000
    1    9
  0.00313861   0.00000000     0.00000000   0.00000000     0.00000000   0.00000000
  0.00000000   0.00000000     0.00313861   0.00000000     0.00000000   0.00000000
  0.00000000   0.00000000     0.00000000   0.00000000     0.02063633   0.00000000
    1   10
 -0.00438558   0.00000000    -0.00000000   0.00000000     0.00000000   0.00000000
 -0.00000000   0.00000000    -0.00438558   0.00000000     0.00000000   0.00000000
 -0.00000000   0.00000000    -0.00000000   0.00000000     0.03482222   0.00000000
    1   11
 -0.00002930   0.00000000    -0.00000000   0.00000000     0.00000000   0.00000000
 -0.00000000   0.00000000    -0.00002930   0.00000000     0.00000000   0.00000000
  0.00000000   0.00000000     0.00000000   0.00000000     0.03072752   0.00000000
    1   12
 -0.04395532   0.00000000    -0.00000000   0.00000000     0.00000000   0.00000000
 -0.00000000   0.00000000    -0.04395532   0.00000000     0.00000000   0.00000000
  0.00000000   0.00000000     0.00000000   0.00000000    -0.24560782   0.00000000
    2    1
 -0.00019412   0.00000000    -0.00000000   0.00000000     0.00000000   0.00000000
 -0.00000000   0.00000000    -0.00019412   0.00000000     0.00000000   0.00000000
 -0.00000000   0.00000000    -0.00000000   0.00000000    -0.03171922   0.00000000
    2    2
  0.41311851   0.00000000     0.00000000   0.00000000     0.00000000   0.00000000
  0.00000000   0.00000000     0.41311851   0.00000000     0.00000000   0.00000000
  0.00000000   0.00000000     0.00000000   0.00000000     0.58242649   0.00000000
    2    3
 -0.00089359   0.00000000    -0.00000000   0.00000000     0.00000000   0.00000000
 -0.00000000   0.00000000    -0.00089359   0.00000000     0.00000000   0.00000000
  0.00000000   0.00000000     0.00000000   0.00000000    -0.03310812   0.00000000
    2    4
 -0.00617593   0.00000000    -0.00000000   0.00000000     0.00000000   0.00000000
 -0.00000000   0.00000000    -0.00617593   0.00000000     0.00000000   0.00000000
  0.00000000   0.00000000     0.00000000   0.00000000    -0.04422585   0.00000000
    2    5
  0.00050841   0.00000000     0.00000000   0.00000000     0.00000000   0.00000000
  0.00000000   0.00000000     0.00050841   0.00000000     0.00000000   0.00000000
  0.00000000   0.00000000     0.00000000   0.00000000    -0.04779286   0.00000000
    2    6
 -0.00112084   0.00000000    -0.00000000   0.00000000    -0.00000000   0.00000000
 -0.00000000   0.00000000    -0.00112084   0.00000000    -0.00000000   0.00000000
 -0.00000000   0.00000000    -0.00000000   0.00000000    -0.03340600   0.00000000
    2    7
 -0.00067393   0.00000000    -0.00000000   0.00000000    -0.00000000   0.00000000
 -0.00000000   0.00000000    -0.00067393   0.00000000    -0.00000000   0.00000000
  0.00000000   0.00000000     0.00000000   0.00000000     0.03392541   0.00000000
    2    8
 -0.35933851   0.00000000    -0.00000000   0.00000000     0.00000000   0.00000000
 -0.00000000   0.00000000    -0.35933851   0.00000000     0.00000000   0.00000000
  0.00000000   0.00000000     0.00000000   0.00000000    -0.26662613   0.00000000
    2    9
 -0.00438629   0.00000000    -0.00000000   0.00000000    -0.00000000   0.00000000
 -0.00000000   0.00000000    -0.00438629   0.00000000    -0.00000000   0.00000000
 -0.00000000   0.00000000    -0.00000000   0.00000000     0.03481903   0.00000000
    2   10
  0.00314046   0.00000000     0.00000000   0.00000000     0.00000000   0.00000000
  0.00000000   0.00000000     0.00314046   0.00000000     0.00000000   0.00000000
 -0.00000000   0.00000000    -0.00000000   0.00000000     0.02063303   0.00000000
    2   11
 -0.04395566   0.00000000    -0.00000000   0.00000000    -0.00000000   0.00000000
 -0.00000000   0.00000000    -0.04395566   0.00000000    -0.00000000   0.00000000
  0.00000000   0.00000000     0.00000000   0.00000000    -0.24565900   0.00000000
    2   12
 -0.00002925   0.00000000    -0.00000000   0.00000000    -0.00000000   0.00000000
 -0.00000000   0.00000000    -0.00002925   0.00000000    -0.00000000   0.00000000
  0.00000000   0.00000000    -0.00000000   0.00000000     0.03073090   0.00000000
    3    1
 -0.00617082   0.00000000    -0.00000000   0.00000000     0.00000000   0.00000000
 -0.00000000   0.00000000    -0.00617082   0.00000000     0.00000000   0.00000000
  0.00000000   0.00000000     0.00000000   0.00000000    -0.04421143   0.00000000
    3    2
 -0.00089359   0.00000000    -0.00000000   0.00000000     0.00000000   0.00000000
 -0.00000000   0.00000000    -0.00089359   0.00000000     0.00000000   0.00000000
 -0.00000000   0.00000000    -0.00000000   0.00000000    -0.03310812   0.00000000
    3    3
  0.41925224   0.00000000     0.00000000   0.00000000     0.00000000   0.00000000
  0.00000000   0.00000000     0.41925224   0.00000000     0.00000000   0.00000000
  0.00000000   0.00000000     0.00000000   0.00000000     0.58876169   0.00000000
    3    4
 -0.00020328   0.00000000    -0.00000000   0.00000000     0.00000000   0.00000000
 -0.00000000   0.00000000    -0.00020328   0.00000000     0.00000000   0.00000000
  0.00000000   0.00000000     0.00000000   0.00000000    -0.03329099   0.00000000
    3    5
 -0.00411764   0.00000000    -0.00000000   0.00000000    -0.00000000   0.00000000
 -0.00000000   0.00000000    -0.00411764   0.00000000    -0.00000000   0.00000000
  0.00000000   0.00000000     0.00000000   0.00000000    -0.04431755   0.00000000
    3    6
 -0.00007814   0.00000000    -0.00000000   0.00000000    -0.00000000   0.00000000
 -0.00000000   0.00000000    -0.00007814   0.00000000    -0.00000000   0.00000000
 -0.00000000   0.00000000    -0.00000000   0.00000000    -0.03439789   0.00000000
    3    7
 -0.04415885   0.00000000    -0.00000000   0.00000000     0.00000000   0.00000000
 -0.00000000   0.00000000    -0.04415885   0.00000000     0.00000000   0.00000000
 -0.00000000   0.00000000    -0.00000000   0.00000000    -0.25154421   0.00000000
    3    8
 -0.00002357   0.00000000    -0.00000000   0.00000000    -0.00000000   0.00000000
 -0.00000000   0.00000000    -0.00002357   0.00000000    -0.00000000   0.00000000
 -0.00000000   0.00000000    -0.00000000   0.00000000     0.03505049   0.00000000
    3    9
 -0.36190091   0.00000000    -0.00000000   0.00000000     0.00000000   0.00000000
 -0.00000000   0.00000000    -0.36190091   0.00000000     0.00000000   0.00000000
 -0.00000000   0.00000000    -0.00000000   0.00000000    -0.27116908   0.00000000
    3   10
 -0.00002811   0.00000000    -0.00000000   0.00000000    -0.00000000   0.00000000
 -0.00000000   0.00000000    -0.00002811   0.00000000    -0.00000000   0.00000000
  0.00000000   0.00000000     0.00000000   0.00000000     0.03394359   0.00000000
    3   11
  0.00295335   0.00000000     0.00000000   0.00000000     0.00000000   0.00000000
  0.00000000   0.00000000     0.00295335   0.00000000     0.00000000   0.00000000
 -0.00000000   0.00000000    -0.00000000   0.00000000     0.01940657   0.00000000
    3   12
 -0.00464759   0.00000000    -0.00000000   0.00000000     0.00000000   0.00000000
 -0.00000000   0.00000000    -0.00464759   0.00000000     0.00000000   0.00000000
  0.00000000   0.00000000     0.00000000   0.00000000     0.03486019   0.00000000
    4    1
 -0.00089439   0.00000000    -0.00000000   0.00000000    -0.00000000   0.00000000
 -0.00000000   0.00000000    -0.00089439   0.00000000    -0.00000000   0.00000000
 -0.00000000   0.00000000    -0.00000000   0.00000000    -0.03311056   0.00000000
    4    2
 -0.00617593   0.00000000    -0.00000000   0.00000000     0.00000000   0.00000000
 -0.00000000   0.00000000    -0.00617593   0.00000000     0.00000000   0.00000000
 -0.00000000   0.00000000    -0.00000000   0.00000000    -0.04422585   0.00000000
    4    3
 -0.00020328   0.00000000    -0.00000000   0.00000000    -0.00000000   0.00000000
 -0.00000000   0.00000000    -0.00020328   0.00000000    -0.00000000   0.00000000
  0.00000000   0.00000000     0.00000000   0.00000000    -0.03329099   0.00000000
    4    4
  0.41934630   0.00000000     0.00000000   0.00000000     0.00000000   0.00000000
  0.00000000   0.00000000     0.41934630   0.00000000     0.00000000   0.00000000
  0.00000000   0.00000000     0.00000000   0.00000000     0.58900212   0.00000000
    4    5
 -0.00007809   0.00000000    -0.00000000   0.00000000     0.00000000   0.00000000
 -0.00000000   0.00000000    -0.00007809   0.00000000     0.00000000   0.00000000
 -0.00000000   0.00000000    -0.00000000   0.00000000    -0.03439912   0.00000000
    4    6
 -0.00412428   0.00000000    -0.00000000   0.00000000     0.00000000   0.00000000
 -0.00000000   0.00000000    -0.00412428   0.00000000     0.00000000   0.00000000
  0.00000000   0.00000000     0.00000000   0.00000000    -0.04433418   0.00000000
    4    7
 -0.00002360   0.00000000    -0.00000000   0.00000000     0.00000000   0.00000000
 -0.00000000   0.00000000    -0.00002360   0.00000000     0.00000000   0.00000000
  0.00000000   0.00000000     0.00000000   0.00000000     0.03505100   0.00000000
    4    8
 -0.04414846   0.00000000    -0.00000000   0.00000000     0.00000000   0.00000000
 -0.00000000   0.00000000    -0.04414846   0.00000000     0.00000000   0.00000000
  0.00000000   0.00000000     0.00000000   0.00000000    -0.25174216   0.00000000
    4    9
 -0.00002808   0.00000000    -0.00000000   0.00000000     0.00000000   0.00000000
 -0.00000000   0.00000000    -0.00002808   0.00000000     0.00000000   0.00000000
  0.00000000   0.00000000     0.00000000   0.00000000     0.03394247   0.00000000
    4   10
 -0.36196609   0.00000000    -0.00000000   0.00000000    -0.00000000   0.00000000
 -0.00000000   0.00000000    -0.36196609   0.00000000    -0.00000000   0.00000000
  0.00000000   0.00000000     0.00000000   0.00000000    -0.27115349   0.00000000
    4   11
 -0.00464852   0.00000000    -0.00000000   0.00000000     0.00000000   0.00000000
 -0.00000000   0.00000000    -0.00464852   0.00000000    -0.00000000   0.00000000
 -0.00000000   0.00000000    -0.00000000   0.00000000     0.03486066   0.00000000
    4   12
  0.00295489   0.00000000     0.00000000   0.00000000    -0.00000000   0.00000000
  0.00000000   0.00000000     0.00295489   0.00000000    -0.00000000   0.00000000
  0.00000000   0.00000000     0.00000000   0.00000000     0.01940782   0.00000000
    5    1
 -0.00111972   0.00000000    -0.00000000   0.00000000    -0.00000000   0.00000000
 -0.00000000   0.00000000    -0.00111972   0.00000000    -0.00000000   0.00000000
 -0.00000000   0.00000000    -0.00000000   0.00000000    -0.03340274   0.00000000
    5    2
  0.00050841   0.00000000     0.00000000   0.00000000     0.00000000   0.00000000
  0.00000000   0.00000000     0.00050841   0.00000000     0.00000000   0.00000000
  0.00000000   0.00000000     0.00000000   0.00000000    -0.04779286   0.00000000
    5    3
 -0.00411764   0.00000000    -0.00000000   0.00000000    -0.00000000   0.00000000
 -0.00000000   0.00000000    -0.00411764   0.00000000    -0.00000000   0.00000000
  0.00000000   0.00000000     0.00000000   0.00000000    -0.04431755   0.00000000
    5    4
 -0.00007809   0.00000000    -0.00000000   0.00000000    -0.00000000   0.00000000
 -0.00000000   0.00000000    -0.00007809   0.00000000    -0.00000000   0.00000000
  0.00000000   0.00000000     0.00000000   0.00000000    -0.03439912   0.00000000
    5    5
  0.41360247   0.00000000     0.00000000   0.00000000     0.00000000   0.00000000
  0.00000000   0.00000000     0.41360247   0.00000000     0.00000000   0.00000000
  0.00000000   0.00000000     0.00000000   0.00000000     0.59262662   0.00000000
    5    6
  0.00005889   0.00000000     0.00000000   0.00000000    -0.00000000   0.00000000
  0.00000000   0.00000000     0.00005889   0.00000000    -0.00000000   0.00000000
  0.00000000   0.00000000     0.00000000   0.00000000    -0.03431696   0.00000000
    5    7
 -0.00492398   0.00000000    -0.00000000   0.00000000    -0.00000000   0.00000000
 -0.00000000   0.00000000    -0.00492398   0.00000000    -0.00000000   0.00000000
  0.00000000   0.00000000     0.00000000   0.00000000     0.03709333   0.00000000
    5    8
  0.00007241   0.00000000     0.00000000   0.00000000     0.00000000   0.00000000
  0.00000000   0.00000000     0.00007241   0.00000000     0.00000000   0.00000000
  0.00000000   0.00000000     0.00000000   0.00000000     0.02161075   0.00000000
    5    9
 -0.04322437   0.00000000    -0.00000000   0.00000000    -0.00000000   0.00000000
 -0.00000000   0.00000000    -0.04322437   0.00000000    -0.00000000   0.00000000
  0.00000000   0.00000000     0.00000000   0.00000000    -0.25187247   0.00000000
    5   10
 -0.00011245   0.00000000    -0.00000000   0.00000000    -0.00000000   0.00000000
 -0.00000000   0.00000000    -0.00011245   0.00000000    -0.00000000   0.00000000
 -0.00000000   0.00000000    -0.00000000   0.00000000     0.03419729   0.00000000
    5   11
 -0.36000882   0.00000000    -0.00000000   0.00000000    -0.00000000   0.00000000
 -0.00000000   0.00000000    -0.36000882   0.00000000    -0.00000000   0.00000000
  0.00000000   0.00000000     0.00000000   0.00000000    -0.27131915   0.00000000
    5   12
 -0.00067072   0.00000000    -0.00000000   0.00000000     0.00000000   0.00000000
 -0.00000000   0.00000000    -0.00067072   0.00000000     0.00000000   0.00000000
  0.00000000   0.00000000     0.00000000   0.00000000     0.03188101   0.00000000
    6    1
  0.00050675   0.00000000     0.00000000   0.00000000     0.00000000   0.00000000
  0.00000000   0.00000000     0.00050675   0.00000000     0.00000000   0.00000000
  0.00000000   0.00000000     0.00000000   0.00000000    -0.04779441   0.00000000
    6    2
 -0.00112084   0.00000000    -0.00000000   0.00000000    -0.00000000   0.00000000
 -0.00000000   0.00000000    -0.00112084   0.00000000    -0.00000000   0.00000000
  0.00000000   0.00000000     0.00000000   0.00000000    -0.03340600   0.00000000
    6    3
 -0.00007814   0.00000000    -0.00000000   0.00000000     0.00000000   0.00000000
 -0.00000000   0.00000000    -0.00007814   0.00000000     0.00000000   0.00000000
 -0.00000000   0.00000000    -0.00000000   0.00000000    -0.03439789   0.00000000
    6    4
 -0.00412428   0.00000000    -0.00000000   0.00000000     0.00000000   0.00000000
 -0.00000000   0.00000000    -0.00412428   0.00000000     0.00000000   0.00000000
  0.00000000   0.00000000     0.00000000   0.00000000    -0.04433418   0.00000000
    6    5
  0.00005889   0.00000000     0.00000000   0.00000000     0.00000000   0.00000000
  0.00000000   0.00000000     0.00005889   0.00000000     0.00000000   0.00000000
  0.00000000   0.00000000     0.00000000   0.00000000    -0.03431696   0.00000000
    6    6
  0.41362706   0.00000000     0.00000000   0.00000000     0.00000000   0.00000000
  0.00000000   0.00000000     0.41362706   0.00000000     0.00000000   0.00000000
  0.00000000   0.00000000     0.00000000   0.00000000     0.59280387   0.00000000
    6    7
  0.00007155   0.00000000     0.00000000   0.00000000     0.00000000   0.00000000
  0.00000000   0.00000000     0.00007155   0.00000000     0.00000000   0.00000000
  0.00000000   0.00000000     0.00000000   0.00000000     0.02161293   0.00000000
    6    8
 -0.00492445   0.00000000    -0.00000000   0.00000000     0.00000000   0.00000000
 -0.00000000   0.00000000    -0.00492445   0.00000000     0.00000000   0.00000000
  0.00000000   0.00000000     0.00000000   0.00000000     0.03709799   0.00000000
    6    9
 -0.00011240   0.00000000    -0.00000000   0.00000000     0.00000000   0.00000000
 -0.00000000   0.00000000    -0.00011240   0.00000000     0.00000000   0.00000000
  0.00000000   0.00000000     0.00000000   0.00000000     0.03419504   0.00000000
    6   10
 -0.04321319   0.00000000    -0.00000000   0.00000000     0.00000000   0.00000000
 -0.00000000   0.00000000    -0.04321319   0.00000000     0.00000000   0.00000000
  0.00000000   0.00000000     0.00000000   0.00000000    -0.25202334   0.00000000
    6   11
 -0.00067100   0.00000000    -0.00000000   0.00000000    -0.00000000   0.00000000
 -0.00000000   0.00000000    -0.00067100   0.00000000    -0.00000000   0.00000000
  0.00000000   0.00000000    -0.00000000   0.00000000     0.03188034   0.00000000
    6   12
 -0.36001809   0.00000000    -0.00000000   0.00000000     0.00000000   0.00000000
 -0.00000000   0.00000000    -0.36001808   0.00000000     0.00000000   0.00000000
  0.00000000   0.00000000     0.00000000   0.00000000    -0.27131645   0.00000000
    7    1
 -0.35927979   0.00000000    -0.00000000   0.00000000    -0.00000000   0.00000000
 -0.00000000   0.00000000    -0.35927978   0.00000000    -0.00000000   0.00000000
  0.00000000   0.00000000     0.00000000   0.00000000    -0.26664086   0.00000000
    7    2
 -0.00067393   0.00000000    -0.00000000   0.00000000    -0.00000000   0.00000000
 -0.00000000   0.00000000    -0.00067393   0.00000000    -0.00000000   0.00000000
  0.00000000   0.00000000     0.00000000   0.00000000     0.03392541   0.00000000
    7    3
 -0.04415885   0.00000000    -0.00000000   0.00000000     0.00000000   0.00000000
 -0.00000000   0.00000000    -0.04415885   0.00000000     0.00000000   0.00000000
  0.00000000   0.00000000     0.00000000   0.00000000    -0.25154421   0.00000000
    7    4
 -0.00002360   0.00000000    -0.00000000   0.00000000    -0.00000000   0.00000000
 -0.00000000   0.00000000    -0.00002360   0.00000000    -0.00000000   0.00000000
 -0.00000000   0.00000000    -0.00000000   0.00000000     0.03505100   0.00000000
    7    5
 -0.00492398   0.00000000    -0.00000000   0.00000000     0.00000000   0.00000000
 -0.00000000   0.00000000    -0.00492398   0.00000000     0.00000000   0.00000000
 -0.00000000   0.00000000    -0.00000000   0.00000000     0.03709333   0.00000000
    7    6
  0.00007155   0.00000000     0.00000000   0.00000000    -0.00000000   0.00000000
  0.00000000   0.00000000     0.00007155   0.00000000    -0.00000000   0.00000000
 -0.00000000   0.00000000    -0.00000000   0.00000000     0.02161293   0.00000000
    7    7
  0.42216460   0.00000000     0.00000000   0.00000000     0.00000000   0.00000000
  0.00000000   0.00000000     0.42216460   0.00000000     0.00000000   0.00000000
 -0.00000000   0.00000000    -0.00000000   0.00000000     0.66309935   0.00000000
    7    8
 -0.00007994   0.00000000    -0.00000000   0.00000000     0.00000000   0.00000000
 -0.00000000   0.00000000    -0.00007994   0.00000000     0.00000000   0.00000000
 -0.00000000   0.00000000    -0.00000000   0.00000000    -0.03599256   0.00000000
    7    9
 -0.00677029   0.00000000    -0.00000000   0.00000000     0.00000000   0.00000000
 -0.00000000   0.00000000    -0.00677029   0.00000000     0.00000000   0.00000000
  0.00000000   0.00000000     0.00000000   0.00000000    -0.08592974   0.00000000
    7   10
 -0.00057796   0.00000000    -0.00000000   0.00000000     0.00000000   0.00000000
 -0.00000000   0.00000000    -0.00057796   0.00000000     0.00000000   0.00000000
  0.00000000   0.00000000     0.00000000   0.00000000    -0.03754961   0.00000000
    7   11
  0.00076312   0.00000000     0.00000000   0.00000000     0.00000000   0.00000000
  0.00000000   0.00000000     0.00076312   0.00000000     0.00000000   0.00000000
 -0.00000000   0.00000000    -0.00000000   0.00000000    -0.03419522   0.00000000
    7   12
 -0.00651195   0.00000000    -0.00000000   0.00000000    -0.00000000   0.00000000
 -0.00000000   0.00000000    -0.00651195   0.00000000    -0.00000000   0.00000000
  0.00000000   0.00000000     0.00000000   0.00000000    -0.07893217   0.00000000
    8    1
 -0.00067397   0.00000000    -0.00000000   0.00000000     0.00000000   0.00000000
 -0.00000000   0.00000000    -0.00067397   0.00000000     0.00000000   0.00000000
  0.00000000   0.00000000     0.00000000   0.00000000     0.03392720   0.00000000
    8    2
 -0.35933851   0.00000000    -0.00000000   0.00000000    -0.00000000   0.00000000
 -0.00000000   0.00000000    -0.35933851   0.00000000    -0.00000000   0.00000000
  0.00000000   0.00000000     0.00000000   0.00000000    -0.26662613   0.00000000
    8    3
 -0.00002357   0.00000000    -0.00000000   0.00000000     0.00000000   0.00000000
 -0.00000000   0.00000000    -0.00002357   0.00000000     0.00000000   0.00000000
  0.00000000   0.00000000     0.00000000   0.00000000     0.03505049   0.00000000
    8    4
 -0.04414846   0.00000000    -0.00000000   0.00000000    -0.00000000   0.00000000
 -0.00000000   0.00000000    -0.04414846   0.00000000    -0.00000000   0.00000000
 -0.00000000   0.00000000    -0.00000000   0.00000000    -0.25174216   0.00000000
    8    5
  0.00007241   0.00000000     0.00000000   0.00000000    -0.00000000   0.00000000
  0.00000000   0.00000000     0.00007241   0.00000000    -0.00000000   0.00000000
  0.00000000   0.00000000     0.00000000   0.00000000     0.02161075   0.00000000
    8    6
 -0.00492445   0.00000000    -0.00000000   0.00000000    -0.00000000   0.00000000
 -0.00000000   0.00000000    -0.00492445   0.00000000    -0.00000000   0.00000000
  0.00000000   0.00000000     0.00000000   0.00000000     0.03709799   0.00000000
    8    7
 -0.00007994   0.00000000    -0.00000000   0.00000000     0.00000000   0.00000000
 -0.00000000   0.00000000    -0.00007994   0.00000000     0.00000000   0.00000000
  0.00000000   0.00000000     0.00000000   0.00000000    -0.03599256   0.00000000
    8    8
  0.42222114   0.00000000     0.00000000   0.00000000     0.00000000   0.00000000
  0.00000000   0.00000000     0.42222114   0.00000000    -0.00000000   0.00000000
  0.00000000   0.00000000    -0.00000000   0.00000000     0.66330692   0.00000000
    8    9
 -0.00057814   0.00000000    -0.00000000   0.00000000    -0.00000000   0.00000000
 -0.00000000   0.00000000    -0.00057814   0.00000000    -0.00000000   0.00000000
  0.00000000   0.00000000     0.00000000   0.00000000    -0.03754828   0.00000000
    8   10
 -0.00677492   0.00000000    -0.00000000   0.00000000    -0.00000000   0.00000000
 -0.00000000   0.00000000    -0.00677492   0.00000000    -0.00000000   0.00000000
  0.00000000   0.00000000     0.00000000   0.00000000    -0.08594626   0.00000000
    8   11
 -0.00651344   0.00000000    -0.00000000   0.00000000     0.00000000   0.00000000
 -0.00000000   0.00000000    -0.00651344   0.00000000     0.00000000   0.00000000
  0.00000000   0.00000000     0.00000000   0.00000000    -0.07893472   0.00000000
    8   12
  0.00076319   0.00000000     0.00000000   0.00000000    -0.00000000   0.00000000
  0.00000000   0.00000000     0.00076319   0.00000000    -0.00000000   0.00000000
  0.00000000   0.00000000     0.00000000   0.00000000    -0.03420147   0.00000000
    9    1
  0.00313861   0.00000000     0.00000000   0.00000000     0.00000000   0.00000000
  0.00000000   0.00000000     0.00313861   0.00000000     0.00000000   0.00000000
 -0.00000000   0.00000000    -0.00000000   0.00000000     0.02063633   0.00000000
    9    2
 -0.00438629   0.00000000    -0.00000000   0.00000000     0.00000000   0.00000000
 -0.00000000   0.00000000    -0.00438629   0.00000000     0.00000000   0.00000000
  0.00000000   0.00000000     0.00000000   0.00000000     0.03481903   0.00000000
    9    3
 -0.36190091   0.00000000    -0.00000000   0.00000000     0.00000000   0.00000000
 -0.00000000   0.00000000    -0.36190091   0.00000000     0.00000000   0.00000000
  0.00000000   0.00000000     0.00000000   0.00000000    -0.27116908   0.00000000
    9    4
 -0.00002808   0.00000000    -0.00000000   0.00000000    -0.00000000   0.00000000
 -0.00000000   0.00000000    -0.00002808   0.00000000    -0.00000000   0.00000000
 -0.00000000   0.00000000    -0.00000000   0.00000000     0.03394247   0.00000000
    9    5
 -0.04322437   0.00000000    -0.00000000   0.00000000     0.00000000   0.00000000
 -0.00000000   0.00000000    -0.04322437   0.00000000     0.00000000   0.00000000
  0.00000000   0.00000000     0.00000000   0.00000000    -0.25187247   0.00000000
    9    6
 -0.00011240   0.00000000    -0.00000000   0.00000000     0.00000000   0.00000000
 -0.00000000   0.00000000    -0.00011240   0.00000000     0.00000000   0.00000000
  0.00000000   0.00000000     0.00000000   0.00000000     0.03419504   0.00000000
    9    7
 -0.00677029   0.00000000    -0.00000000   0.00000000    -0.00000000   0.00000000
 -0.00000000   0.00000000    -0.00677029   0.00000000    -0.00000000   0.00000000
  0.00000000   0.00000000     0.00000000   0.00000000    -0.08592974   0.00000000
    9    8
 -0.00057814   0.00000000    -0.00000000   0.00000000     0.00000000   0.00000000
 -0.00000000   0.00000000    -0.00057814   0.00000000     0.00000000   0.00000000
  0.00000000   0.00000000     0.00000000   0.00000000    -0.03754828   0.00000000
    9    9
  0.41969900   0.00000000     0.00000000   0.00000000    -0.00000000   0.00000000
  0.00000000   0.00000000     0.41969900   0.00000000    -0.00000000   0.00000000
  0.00000000   0.00000000     0.00000000   0.00000000     0.67199824   0.00000000
    9   10
  0.00012428   0.00000000     0.00000000   0.00000000     0.00000000   0.00000000
  0.00000000   0.00000000     0.00012428   0.00000000     0.00000000   0.00000000
 -0.00000000   0.00000000    -0.00000000   0.00000000    -0.03412201   0.00000000
    9   11
 -0.00689917   0.00000000    -0.00000000   0.00000000     0.00000000   0.00000000
 -0.00000000   0.00000000    -0.00689917   0.00000000     0.00000000   0.00000000
  0.00000000   0.00000000     0.00000000   0.00000000    -0.08174100   0.00000000
    9   12
  0.00093618   0.00000000     0.00000000   0.00000000    -0.00000000   0.00000000
  0.00000000   0.00000000     0.00093618   0.00000000    -0.00000000   0.00000000
 -0.00000000   0.00000000    -0.00000000   0.00000000    -0.03321150   0.00000000
   10    1
 -0.00438558   0.00000000    -0.00000000   0.00000000     0.00000000   0.00000000
 -0.00000000   0.00000000    -0.00438558   0.00000000     0.00000000   0.00000000
  0.00000000   0.00000000     0.00000000   0.00000000     0.03482222   0.00000000
   10    2
  0.00314046   0.00000000     0.00000000   0.00000000     0.00000000   0.00000000
  0.00000000   0.00000000     0.00314046   0.00000000     0.00000000   0.00000000
  0.00000000   0.00000000     0.00000000   0.00000000     0.02063303   0.00000000
   10    3
 -0.00002811   0.00000000    -0.00000000   0.00000000     0.00000000   0.00000000
 -0.00000000   0.00000000    -0.00002811   0.00000000     0.00000000   0.00000000
  0.00000000   0.00000000     0.00000000   0.00000000     0.03394359   0.00000000
   10    4
 -0.36196609   0.00000000    -0.00000000   0.00000000    -0.00000000   0.00000000
 -0.00000000   0.00000000    -0.36196609   0.00000000    -0.00000000   0.00000000
  0.00000000   0.00000000     0.00000000   0.00000000    -0.27115349   0.00000000
   10    5
 -0.00011245   0.00000000    -0.00000000   0.00000000    -0.00000000   0.00000000
 -0.00000000   0.00000000    -0.00011245   0.00000000    -0.00000000   0.00000000
  0.00000000   0.00000000     0.00000000   0.00000000     0.03419729   0.00000000
   10    6
 -0.04321319   0.00000000    -0.00000000   0.00000000     0.00000000   0.00000000
 -0.00000000   0.00000000    -0.04321319   0.00000000     0.00000000   0.00000000
  0.00000000   0.00000000     0.00000000   0.00000000    -0.25202334   0.00000000
   10    7
 -0.00057796   0.00000000    -0.00000000   0.00000000    -0.00000000   0.00000000
 -0.00000000   0.00000000    -0.00057796   0.00000000    -0.00000000   0.00000000
  0.00000000   0.00000000     0.00000000   0.00000000    -0.03754961   0.00000000
   10    8
 -0.00677492   0.00000000    -0.00000000   0.00000000    -0.00000000   0.00000000
 -0.00000000   0.00000000    -0.00677492   0.00000000    -0.00000000   0.00000000
  0.00000000   0.00000000     0.00000000   0.00000000    -0.08594626   0.00000000
   10    9
  0.00012428   0.00000000     0.00000000   0.00000000    -0.00000000   0.00000000
  0.00000000   0.00000000     0.00012428   0.00000000    -0.00000000   0.00000000
 -0.00000000   0.00000000    -0.00000000   0.00000000    -0.03412201   0.00000000
   10   10
  0.41976111   0.00000000     0.00000000   0.00000000    -0.00000000   0.00000000
  0.00000000   0.00000000     0.41976111   0.00000000    -0.00000000   0.00000000
  0.00000000   0.00000000     0.00000000   0.00000000     0.67216845   0.00000000
   10   11
  0.00093662   0.00000000     0.00000000   0.00000000     0.00000000   0.00000000
  0.00000000   0.00000000     0.00093662   0.00000000     0.00000000   0.00000000
 -0.00000000   0.00000000    -0.00000000   0.00000000    -0.03321372   0.00000000
   10   12
 -0.00690298   0.00000000    -0.00000000   0.00000000     0.00000000   0.00000000
 -0.00000000   0.00000000    -0.00690298   0.00000000     0.00000000   0.00000000
  0.00000000   0.00000000     0.00000000   0.00000000    -0.08175174   0.00000000
   11    1
 -0.00002930   0.00000000    -0.00000000   0.00000000     0.00000000   0.00000000
 -0.00000000   0.00000000    -0.00002930   0.00000000     0.00000000   0.00000000
  0.00000000   0.00000000     0.00000000   0.00000000     0.03072752   0.00000000
   11    2
 -0.04395566   0.00000000    -0.00000000   0.00000000     0.00000000   0.00000000
 -0.00000000   0.00000000    -0.04395566   0.00000000     0.00000000   0.00000000
  0.00000000   0.00000000     0.00000000   0.00000000    -0.24565900   0.00000000
   11    3
  0.00295335   0.00000000     0.00000000   0.00000000    -0.00000000   0.00000000
  0.00000000   0.00000000     0.00295335   0.00000000    -0.00000000   0.00000000
  0.00000000   0.00000000     0.00000000   0.00000000     0.01940657   0.00000000
   11    4
 -0.00464852   0.00000000    -0.00000000   0.00000000    -0.00000000   0.00000000
 -0.00000000   0.00000000    -0.00464852   0.00000000    -0.00000000   0.00000000
  0.00000000   0.00000000    -0.00000000   0.00000000     0.03486066   0.00000000
   11    5
 -0.36000882   0.00000000    -0.00000000   0.00000000    -0.00000000   0.00000000
 -0.00000000   0.00000000    -0.36000882   0.00000000    -0.00000000   0.00000000
  0.00000000   0.00000000     0.00000000   0.00000000    -0.27131915   0.00000000
   11    6
 -0.00067100   0.00000000    -0.00000000   0.00000000     0.00000000   0.00000000
 -0.00000000   0.00000000    -0.00067100   0.00000000    -0.00000000   0.00000000
 -0.00000000   0.00000000    -0.00000000   0.00000000     0.03188034   0.00000000
   11    7
  0.00076312   0.00000000     0.00000000   0.00000000     0.00000000   0.00000000
  0.00000000   0.00000000     0.00076312   0.00000000     0.00000000   0.00000000
  0.00000000   0.00000000     0.00000000   0.00000000    -0.03419522   0.00000000
   11    8
 -0.00651344   0.00000000    -0.00000000   0.00000000     0.00000000   0.00000000
 -0.00000000   0.00000000    -0.00651344   0.00000000     0.00000000   0.00000000
  0.00000000   0.00000000     0.00000000   0.00000000    -0.07893472   0.00000000
   11    9
 -0.00689917   0.00000000    -0.00000000   0.00000000    -0.00000000   0.00000000
 -0.00000000   0.00000000    -0.00689917   0.00000000    -0.00000000   0.00000000
  0.00000000   0.00000000     0.00000000   0.00000000    -0.08174100   0.00000000
   11   10
  0.00093662   0.00000000     0.00000000   0.00000000    -0.00000000   0.00000000
  0.00000000   0.00000000     0.00093662   0.00000000    -0.00000000   0.00000000
 -0.00000000   0.00000000    -0.00000000   0.00000000    -0.03321372   0.00000000
   11   11
  0.41796704   0.00000000     0.00000000   0.00000000     0.00000000   0.00000000
  0.00000000   0.00000000     0.41796704   0.00000000     0.00000000   0.00000000
 -0.00000000   0.00000000    -0.00000000   0.00000000     0.65760761   0.00000000
   11   12
  0.00010541   0.00000000     0.00000000   0.00000000     0.00000000   0.00000000
  0.00000000   0.00000000     0.00010541   0.00000000     0.00000000   0.00000000
  0.00000000   0.00000000     0.00000000   0.00000000    -0.02942036   0.00000000
   12    1
 -0.04395532   0.00000000    -0.00000000   0.00000000     0.00000000   0.00000000
 -0.00000000   0.00000000    -0.04395532   0.00000000     0.00000000   0.00000000
 -0.00000000   0.00000000    -0.00000000   0.00000000    -0.24560782   0.00000000
   12    2
 -0.00002925   0.00000000    -0.00000000   0.00000000     0.00000000   0.00000000
 -0.00000000   0.00000000    -0.00002925   0.00000000    -0.00000000   0.00000000
  0.00000000   0.00000000     0.00000000   0.00000000     0.03073090   0.00000000
   12    3
 -0.00464759   0.00000000    -0.00000000   0.00000000     0.00000000   0.00000000
 -0.00000000   0.00000000    -0.00464759   0.00000000     0.00000000   0.00000000
 -0.00000000   0.00000000    -0.00000000   0.00000000     0.03486019   0.00000000
   12    4
  0.00295489   0.00000000     0.00000000   0.00000000    -0.00000000   0.00000000
  0.00000000   0.00000000     0.00295489   0.00000000    -0.00000000   0.00000000
  0.00000000   0.00000000     0.00000000   0.00000000     0.01940782   0.00000000
   12    5
 -0.00067072   0.00000000    -0.00000000   0.00000000    -0.00000000   0.00000000
 -0.00000000   0.00000000    -0.00067072   0.00000000    -0.00000000   0.00000000
 -0.00000000   0.00000000    -0.00000000   0.00000000     0.03188101   0.00000000
   12    6
 -0.36001809   0.00000000    -0.00000000   0.00000000    -0.00000000   0.00000000
 -0.00000000   0.00000000    -0.36001808   0.00000000    -0.00000000   0.00000000
  0.00000000   0.00000000     0.00000000   0.00000000    -0.27131645   0.00000000
   12    7
 -0.00651195   0.00000000    -0.00000000   0.00000000     0.00000000   0.00000000
 -0.00000000   0.00000000    -0.00651195   0.00000000     0.00000000   0.00000000
 -0.00000000   0.00000000    -0.00000000   0.00000000    -0.07893217   0.00000000
   12    8
  0.00076319   0.00000000     0.00000000   0.00000000     0.00000000   0.00000000
  0.00000000   0.00000000     0.00076319   0.00000000     0.00000000   0.00000000
  0.00000000   0.00000000     0.00000000   0.00000000    -0.03420147   0.00000000
   12    9
  0.00093618   0.00000000     0.00000000   0.00000000    -0.00000000   0.00000000
  0.00000000   0.00000000     0.00093618   0.00000000    -0.00000000   0.00000000
 -0.00000000   0.00000000    -0.00000000   0.00000000    -0.03321150   0.00000000
   12   10
 -0.00690298   0.00000000    -0.00000000   0.00000000     0.00000000   0.00000000
 -0.00000000   0.00000000    -0.00690298   0.00000000     0.00000000   0.00000000
  0.00000000   0.00000000     0.00000000   0.00000000    -0.08175174   0.00000000
   12   11
  0.00010541   0.00000000     0.00000000   0.00000000     0.00000000   0.00000000
  0.00000000   0.00000000     0.00010541   0.00000000    -0.00000000   0.00000000
  0.00000000   0.00000000     0.00000000   0.00000000    -0.02942036   0.00000000
   12   12
  0.41797622   0.00000000     0.00000000   0.00000000     0.00000000   0.00000000
  0.00000000   0.00000000     0.41797622   0.00000000     0.00000000   0.00000000
 -0.00000000   0.00000000    -0.00000000   0.00000000     0.65756422   0.00000000

     Dielectric Tensor:

          6.908004635315          0.000000003452          0.000000000000
          0.000000003452          6.908004628472          0.000000000000
          0.000000000000          0.000000000000          7.150587920287

     Effective Charges E-U: Z_{alpha}{s,beta}

     atom #    1
         -2.723643178530         -0.000000003928          0.000000000000
         -0.000000003928         -2.723643170742          0.000000000000
          0.000000000000          0.000000000000         -2.714694058950
     atom #    2
         -2.723684445737         -0.000000003929          0.000000000000
         -0.000000003929         -2.723684437949          0.000000000000
          0.000000000000         -0.000000000000         -2.714768849371
     atom #    3
         -2.710574999322         -0.000000003921          0.000000000000
         -0.000000003921         -2.710574991549          0.000000000000
          0.000000000000         -0.000000000000         -2.773902973919
     atom #    4
         -2.710575244735         -0.000000003921          0.000000000000
         -0.000000003921         -2.710575236962          0.000000000000
          0.000000000000         -0.000000000000         -2.774146195599
     atom #    5
         -2.691758710843         -0.000000003910          0.000000000000
         -0.000000003910         -2.691758703092         -0.000000000000
          0.000000000000         -0.000000000000         -2.823865150755
     atom #    6
         -2.691715593365         -0.000000003910          0.000000000000
         -0.000000003910         -2.691715585614          0.000000000000
          0.000000000000         -0.000000000000         -2.824026162751
     atom #    7
          2.706244210242         -0.000000000756          0.000000000000
         -0.000000000756          2.706244211741         -0.000000000000
          0.000000000000         -0.000000000000          2.890692431562
     atom #    8
          2.706325223511         -0.000000000756          0.000000000000
         -0.000000000756          2.706325225009         -0.000000000000
          0.000000000000         -0.000000000000          2.890951393475
     atom #    9
          2.727392865610         -0.000000000744          0.000000000000
         -0.000000000744          2.727392867084         -0.000000000000
          0.000000000000          0.000000000000          2.803814739486
     atom #   10
          2.727494248128         -0.000000000743          0.000000000000
         -0.000000000743          2.727494249602         -0.000000000000
          0.000000000000          0.000000000000          2.804201308306
     atom #   11
          2.692496600721         -0.000000000764          0.000000000000
         -0.000000000764          2.692496602235          0.000000000000
         -0.000000000000         -0.000000000000          2.618007554782
     atom #   12
          2.692493689869         -0.000000000764          0.000000000000
         -0.000000000764          2.692493691383         -0.000000000000
          0.000000000000          0.000000000000          2.618223234230

     Effective Charges U-E: Z_{s,alpha}{beta}

     atom #    1
     -0.272364265346E+01     -0.392848065189E-08      0.000000000000E+00
     -0.392848066352E-08     -0.272364264568E+01      0.000000000000E+00
      0.000000000000E+00     -0.544299820393E-18     -0.271469336192E+01
     atom #    2
     -0.272368426106E+01     -0.392850330044E-08      0.000000000000E+00
     -0.392850435104E-08     -0.272368425327E+01      0.217719928157E-17
      0.000000000000E+00      0.000000000000E+00     -0.271476948768E+01
     atom #    3
     -0.271057463194E+01     -0.392084453793E-08      0.000000000000E+00
     -0.392084399009E-08     -0.271057462417E+01      0.326579892236E-17
      0.000000000000E+00     -0.435439856314E-17     -0.277390133802E+01
     atom #    4
     -0.271057513142E+01     -0.392084453793E-08      0.377101977607E-17
     -0.392084456625E-08     -0.271057512364E+01      0.435439856535E-17
      0.000000000000E+00      0.544299820393E-17     -0.277414867399E+01
     atom #    5
     -0.269175845976E+01     -0.390985066545E-08      0.000000000000E+00
     -0.390985022834E-08     -0.269175845201E+01      0.217719928157E-17
      0.000000000000E+00      0.544299820393E-17     -0.282386448619E+01
     atom #    6
     -0.269171522993E+01     -0.390982579646E-08      0.000000000000E+00
     -0.390982561238E-08     -0.269171522217E+01      0.000000000000E+00
      0.000000000000E+00      0.272149910196E-17     -0.282402850173E+01
     atom #    7
      0.270624402223E+01     -0.755913776018E-09      0.000000000000E+00
     -0.755913794107E-09      0.270624402373E+01     -0.544299820393E-17
      0.000000000000E+00      0.217719928157E-17      0.289069073360E+01
     atom #    8
      0.270632504185E+01     -0.755866702562E-09      0.000000000000E+00
     -0.755866409879E-09      0.270632504335E+01      0.435439856314E-17
      0.000000000000E+00      0.217719928157E-17      0.289095402593E+01
     atom #    9
      0.272739411576E+01     -0.743556216598E-09      0.000000000000E+00
     -0.743556107549E-09      0.272739411724E+01      0.108859964079E-17
      0.000000000000E+00      0.217719928157E-17      0.280381251246E+01
     atom #   10
      0.272749531770E+01     -0.743497374778E-09      0.000000000000E+00
     -0.743497404406E-09      0.272749531918E+01      0.000000000000E+00
      0.000000000000E+00     -0.435439856314E-17      0.280420417227E+01
     atom #   11
      0.269249855975E+01     -0.763945129378E-09      0.000000000000E+00
     -0.763945050991E-09      0.269249856127E+01     -0.272149910196E-17
      0.000000000000E+00     -0.108859964079E-17      0.261800695519E+01
     atom #   12
      0.269249543467E+01     -0.763946794713E-09      0.000000000000E+00
     -0.763946842275E-09      0.269249543619E+01      0.000000000000E+00
      0.000000000000E+00      0.435439856314E-17      0.261822305292E+01

     Diagonalizing the dynamical matrix

     q = (    0.000000000   0.000000000   0.000000000 ) 

 **************************************************************************
     freq (    1) =      -0.040381 [THz] =      -1.346978 [cm-1]
 (  0.000000  0.000000  0.000000  0.000000  0.288686  0.000000 ) 
 (  0.000000  0.000000  0.000000  0.000000  0.288670  0.000000 ) 
 (  0.000000  0.000000  0.000000  0.000000  0.288696  0.000000 ) 
 (  0.000000  0.000000  0.000000  0.000000  0.288656  0.000000 ) 
 (  0.000000  0.000000  0.000000  0.000000  0.288688  0.000000 ) 
 (  0.000000  0.000000  0.000000  0.000000  0.288664  0.000000 ) 
 (  0.000000  0.000000  0.000000  0.000000  0.288687  0.000000 ) 
 (  0.000000  0.000000  0.000000  0.000000  0.288661  0.000000 ) 
 (  0.000000  0.000000  0.000000  0.000000  0.288689  0.000000 ) 
 (  0.000000  0.000000  0.000000  0.000000  0.288657  0.000000 ) 
 (  0.000000  0.000000  0.000000  0.000000  0.288677  0.000000 ) 
 (  0.000000  0.000000  0.000000  0.000000  0.288670  0.000000 ) 
     freq (    2) =      -0.039699 [THz] =      -1.324231 [cm-1]
 (  0.265483  0.000000  0.113462  0.000000 -0.000000  0.000000 ) 
 (  0.265421  0.000000  0.113436  0.000000 -0.000000  0.000000 ) 
 (  0.265513  0.000000  0.113475  0.000000 -0.000000  0.000000 ) 
 (  0.265380  0.000000  0.113418  0.000000 -0.000000  0.000000 ) 
 (  0.265488  0.000000  0.113464  0.000000 -0.000000  0.000000 ) 
 (  0.265414  0.000000  0.113433  0.000000 -0.000000  0.000000 ) 
 (  0.265484  0.000000  0.113462  0.000000 -0.000000  0.000000 ) 
 (  0.265414  0.000000  0.113433  0.000000 -0.000000  0.000000 ) 
 (  0.265507  0.000000  0.113473  0.000000 -0.000000  0.000000 ) 
 (  0.265382  0.000000  0.113419  0.000000 -0.000000  0.000000 ) 
 (  0.265477  0.000000  0.113460  0.000000 -0.000000  0.000000 ) 
 (  0.265421  0.000000  0.113435  0.000000 -0.000000  0.000000 ) 
     freq (    3) =      -0.039699 [THz] =      -1.324231 [cm-1]
 ( -0.113462  0.000000  0.265483  0.000000 -0.000000  0.000000 ) 
 ( -0.113436  0.000000  0.265421  0.000000 -0.000000  0.000000 ) 
 ( -0.113475  0.000000  0.265513  0.000000 -0.000000  0.000000 ) 
 ( -0.113418  0.000000  0.265380  0.000000 -0.000000  0.000000 ) 
 ( -0.113464  0.000000  0.265488  0.000000 -0.000000  0.000000 ) 
 ( -0.113433  0.000000  0.265414  0.000000 -0.000000  0.000000 ) 
 ( -0.113462  0.000000  0.265484  0.000000 -0.000000  0.000000 ) 
 ( -0.113433  0.000000  0.265414  0.000000 -0.000000  0.000000 ) 
 ( -0.113473  0.000000  0.265507  0.000000 -0.000000  0.000000 ) 
 ( -0.113419  0.000000  0.265382  0.000000 -0.000000  0.000000 ) 
 ( -0.113460  0.000000  0.265477  0.000000 -0.000000  0.000000 ) 
 ( -0.113435  0.000000  0.265421  0.000000 -0.000000  0.000000 ) 
     freq (    4) =       4.259421 [THz] =     142.078991 [cm-1]
 (  0.031437  0.000000 -0.075425  0.000000  0.000000  0.000000 ) 
 ( -0.031491  0.000000  0.075556  0.000000  0.000000  0.000000 ) 
 (  0.144574  0.000000 -0.346869  0.000000  0.000000  0.000000 ) 
 ( -0.144589  0.000000  0.346906  0.000000  0.000000  0.000000 ) 
 (  0.118029  0.000000 -0.283181  0.000000  0.000000  0.000000 ) 
 ( -0.118065  0.000000  0.283266  0.000000  0.000000  0.000000 ) 
 (  0.048535  0.000000 -0.116447  0.000000  0.000000  0.000000 ) 
 ( -0.048585  0.000000  0.116568  0.000000  0.000000  0.000000 ) 
 (  0.154838  0.000000 -0.371495  0.000000  0.000000  0.000000 ) 
 ( -0.154857  0.000000  0.371539  0.000000  0.000000  0.000000 ) 
 (  0.108787  0.000000 -0.261006  0.000000  0.000000  0.000000 ) 
 ( -0.108830  0.000000  0.261110  0.000000  0.000000  0.000000 ) 
     freq (    5) =       4.259421 [THz] =     142.078991 [cm-1]
 ( -0.075425  0.000000 -0.031437  0.000000 -0.000000  0.000000 ) 
 (  0.075556  0.000000  0.031491  0.000000 -0.000000  0.000000 ) 
 ( -0.346869  0.000000 -0.144574  0.000000 -0.000000  0.000000 ) 
 (  0.346906  0.000000  0.144589  0.000000 -0.000000  0.000000 ) 
 ( -0.283181  0.000000 -0.118029  0.000000  0.000000  0.000000 ) 
 (  0.283266  0.000000  0.118065  0.000000 -0.000000  0.000000 ) 
 ( -0.116447  0.000000 -0.048535  0.000000 -0.000000  0.000000 ) 
 (  0.116568  0.000000  0.048585  0.000000 -0.000000  0.000000 ) 
 ( -0.371495  0.000000 -0.154838  0.000000 -0.000000  0.000000 ) 
 (  0.371539  0.000000  0.154857  0.000000 -0.000000  0.000000 ) 
 ( -0.261006  0.000000 -0.108787  0.000000 -0.000000  0.000000 ) 
 (  0.261110  0.000000  0.108830  0.000000 -0.000000  0.000000 ) 
     freq (    6) =       4.396757 [THz] =     146.660040 [cm-1]
 ( -0.150305  0.000000  0.360625  0.000000  0.000000  0.000000 ) 
 (  0.150296  0.000000 -0.360604  0.000000  0.000000  0.000000 ) 
 ( -0.052323  0.000000  0.125537  0.000000  0.000000  0.000000 ) 
 (  0.052319  0.000000 -0.125530  0.000000  0.000000  0.000000 ) 
 (  0.101917  0.000000 -0.244528  0.000000  0.000000  0.000000 ) 
 ( -0.101881  0.000000  0.244443  0.000000  0.000000  0.000000 ) 
 ( -0.150830  0.000000  0.361885  0.000000  0.000000  0.000000 ) 
 (  0.150822  0.000000 -0.361867  0.000000  0.000000  0.000000 ) 
 ( -0.035863  0.000000  0.086047  0.000000  0.000000  0.000000 ) 
 (  0.035871  0.000000 -0.086066  0.000000  0.000000  0.000000 ) 
 (  0.119414  0.000000 -0.286510  0.000000  0.000000  0.000000 ) 
 ( -0.119379  0.000000  0.286426  0.000000  0.000000  0.000000 ) 
     freq (    7) =       4.396757 [THz] =     146.660040 [cm-1]
 (  0.360625  0.000000  0.150305  0.000000 -0.000000  0.000000 ) 
 ( -0.360604  0.000000 -0.150296  0.000000 -0.000000  0.000000 ) 
 (  0.125537  0.000000  0.052323  0.000000 -0.000000  0.000000 ) 
 ( -0.125530  0.000000 -0.052319  0.000000 -0.000000  0.000000 ) 
 ( -0.244528  0.000000 -0.101917  0.000000 -0.000000  0.000000 ) 
 (  0.244443  0.000000  0.101881  0.000000 -0.000000  0.000000 ) 
 (  0.361885  0.000000  0.150830  0.000000 -0.000000  0.000000 ) 
 ( -0.361867  0.000000 -0.150822  0.000000 -0.000000  0.000000 ) 
 (  0.086047  0.000000  0.035863  0.000000 -0.000000  0.000000 ) 
 ( -0.086066  0.000000 -0.035871  0.000000 -0.000000  0.000000 ) 
 ( -0.286510  0.000000 -0.119414  0.000000 -0.000000  0.000000 ) 
 (  0.286426  0.000000  0.119379  0.000000 -0.000000  0.000000 ) 
     freq (    8) =       6.883947 [THz] =     229.623740 [cm-1]
 (  0.065443  0.000000 -0.157014  0.000000 -0.000000  0.000000 ) 
 (  0.065488  0.000000 -0.157122  0.000000  0.000000  0.000000 ) 
 (  0.085310  0.000000 -0.204680  0.000000  0.000000  0.000000 ) 
 (  0.085297  0.000000 -0.204649  0.000000 -0.000000  0.000000 ) 
 ( -0.149715  0.000000  0.359202  0.000000  0.000000  0.000000 ) 
 ( -0.149706  0.000000  0.359182  0.000000 -0.000000  0.000000 ) 
 (  0.084630  0.000000 -0.203047  0.000000 -0.000000  0.000000 ) 
 (  0.084674  0.000000 -0.203155  0.000000  0.000000  0.000000 ) 
 (  0.078368  0.000000 -0.188024  0.000000  0.000000  0.000000 ) 
 (  0.078361  0.000000 -0.188006  0.000000 -0.000000  0.000000 ) 
 ( -0.163469  0.000000  0.392202  0.000000  0.000000  0.000000 ) 
 ( -0.163466  0.000000  0.392195  0.000000 -0.000000  0.000000 ) 
     freq (    9) =       6.883947 [THz] =     229.623740 [cm-1]
 (  0.157014  0.000000  0.065443  0.000000  0.000000  0.000000 ) 
 (  0.157122  0.000000  0.065488  0.000000 -0.000000  0.000000 ) 
 (  0.204680  0.000000  0.085310  0.000000  0.000000  0.000000 ) 
 (  0.204649  0.000000  0.085297  0.000000 -0.000000  0.000000 ) 
 ( -0.359202  0.000000 -0.149715  0.000000  0.000000  0.000000 ) 
 ( -0.359182  0.000000 -0.149706  0.000000 -0.000000  0.000000 ) 
 (  0.203047  0.000000  0.084630  0.000000  0.000000  0.000000 ) 
 (  0.203155  0.000000  0.084674  0.000000 -0.000000  0.000000 ) 
 (  0.188024  0.000000  0.078368  0.000000  0.000000  0.000000 ) 
 (  0.188006  0.000000  0.078361  0.000000 -0.000000  0.000000 ) 
 ( -0.392202  0.000000 -0.163469  0.000000 -0.000000  0.000000 ) 
 ( -0.392195  0.000000 -0.163466  0.000000  0.000000  0.000000 ) 
     freq (   10) =       7.049543 [THz] =     235.147434 [cm-1]
 (  0.136215  0.000000 -0.326812  0.000000 -0.000000  0.000000 ) 
 (  0.136187  0.000000 -0.326746  0.000000  0.000000  0.000000 ) 
 ( -0.122373  0.000000  0.293601  0.000000 -0.000000  0.000000 ) 
 ( -0.122361  0.000000  0.293572  0.000000  0.000000  0.000000 ) 
 ( -0.012471  0.000000  0.029920  0.000000 -0.000000  0.000000 ) 
 ( -0.012514  0.000000  0.030025  0.000000  0.000000  0.000000 ) 
 (  0.139641  0.000000 -0.335031  0.000000 -0.000000  0.000000 ) 
 (  0.139613  0.000000 -0.334965  0.000000  0.000000  0.000000 ) 
 ( -0.144270  0.000000  0.346137  0.000000 -0.000000  0.000000 ) 
 ( -0.144258  0.000000  0.346108  0.000000  0.000000  0.000000 ) 
 (  0.004084  0.000000 -0.009799  0.000000  0.000000  0.000000 ) 
 (  0.004034  0.000000 -0.009679  0.000000 -0.000000  0.000000 ) 
     freq (   11) =       7.049543 [THz] =     235.147434 [cm-1]
 (  0.326812  0.000000  0.136215  0.000000  0.000000  0.000000 ) 
 (  0.326746  0.000000  0.136187  0.000000 -0.000000  0.000000 ) 
 ( -0.293601  0.000000 -0.122373  0.000000  0.000000  0.000000 ) 
 ( -0.293572  0.000000 -0.122361  0.000000 -0.000000  0.000000 ) 
 ( -0.029920  0.000000 -0.012471  0.000000  0.000000  0.000000 ) 
 ( -0.030025  0.000000 -0.012514  0.000000 -0.000000  0.000000 ) 
 (  0.335031  0.000000  0.139641  0.000000  0.000000  0.000000 ) 
 (  0.334965  0.000000  0.139613  0.000000 -0.000000  0.000000 ) 
 ( -0.346137  0.000000 -0.144270  0.000000  0.000000  0.000000 ) 
 ( -0.346108  0.000000 -0.144258  0.000000 -0.000000  0.000000 ) 
 (  0.009799  0.000000  0.004084  0.000000 -0.000000  0.000000 ) 
 (  0.009679  0.000000  0.004034  0.000000 -0.000000  0.000000 ) 
     freq (   12) =       7.794735 [THz] =     260.004357 [cm-1]
 ( -0.107403  0.000000  0.257685  0.000000 -0.000000  0.000000 ) 
 (  0.107425  0.000000 -0.257738  0.000000 -0.000000  0.000000 ) 
 (  0.104651  0.000000 -0.251084  0.000000 -0.000000  0.000000 ) 
 ( -0.104695  0.000000  0.251189  0.000000  0.000000  0.000000 ) 
 ( -0.102926  0.000000  0.246945  0.000000 -0.000000  0.000000 ) 
 (  0.102948  0.000000 -0.246997  0.000000  0.000000  0.000000 ) 
 ( -0.117929  0.000000  0.282941  0.000000 -0.000000  0.000000 ) 
 (  0.117951  0.000000 -0.282994  0.000000 -0.000000  0.000000 ) 
 (  0.118233  0.000000 -0.283670  0.000000 -0.000000  0.000000 ) 
 ( -0.118285  0.000000  0.283795  0.000000  0.000000  0.000000 ) 
 ( -0.114085  0.000000  0.273718  0.000000 -0.000000  0.000000 ) 
 (  0.114115  0.000000 -0.273790  0.000000  0.000000  0.000000 ) 
     freq (   13) =       7.794735 [THz] =     260.004357 [cm-1]
 (  0.257685  0.000000  0.107403  0.000000  0.000000  0.000000 ) 
 ( -0.257738  0.000000 -0.107425  0.000000 -0.000000  0.000000 ) 
 ( -0.251084  0.000000 -0.104651  0.000000 -0.000000  0.000000 ) 
 (  0.251189  0.000000  0.104695  0.000000  0.000000  0.000000 ) 
 (  0.246945  0.000000  0.102926  0.000000 -0.000000  0.000000 ) 
 ( -0.246997  0.000000 -0.102948  0.000000  0.000000  0.000000 ) 
 (  0.282941  0.000000  0.117929  0.000000 -0.000000  0.000000 ) 
 ( -0.282994  0.000000 -0.117951  0.000000  0.000000  0.000000 ) 
 ( -0.283670  0.000000 -0.118233  0.000000 -0.000000  0.000000 ) 
 (  0.283795  0.000000  0.118285  0.000000  0.000000  0.000000 ) 
 (  0.273718  0.000000  0.114085  0.000000 -0.000000  0.000000 ) 
 ( -0.273790  0.000000 -0.114115  0.000000  0.000000  0.000000 ) 
     freq (   14) =       8.424070 [THz] =     280.996737 [cm-1]
 (  0.000000  0.000000  0.000000  0.000000 -0.155371  0.000000 ) 
 ( -0.000000  0.000000 -0.000000  0.000000  0.155324  0.000000 ) 
 ( -0.000000  0.000000  0.000000  0.000000  0.239580  0.000000 ) 
 ( -0.000000  0.000000  0.000000  0.000000 -0.239489  0.000000 ) 
 (  0.000000  0.000000 -0.000000  0.000000  0.392094  0.000000 ) 
 (  0.000000  0.000000 -0.000000  0.000000 -0.392064  0.000000 ) 
 (  0.000000  0.000000  0.000000  0.000000  0.034490  0.000000 ) 
 ( -0.000000  0.000000 -0.000000  0.000000 -0.034581  0.000000 ) 
 ( -0.000000  0.000000  0.000000  0.000000  0.374805  0.000000 ) 
 ( -0.000000  0.000000  0.000000  0.000000 -0.374767  0.000000 ) 
 (  0.000000  0.000000 -0.000000  0.000000  0.350838  0.000000 ) 
 (  0.000000  0.000000 -0.000000  0.000000 -0.350894  0.000000 ) 
     freq (   15) =       8.496528 [THz] =     283.413652 [cm-1]
 (  0.000000  0.000000  0.000000  0.000000 -0.364767  0.000000 ) 
 (  0.000000  0.000000  0.000000  0.000000  0.364775  0.000000 ) 
 (  0.000000  0.000000  0.000000  0.000000 -0.318834  0.000000 ) 
 (  0.000000  0.000000 -0.000000  0.000000  0.318833  0.000000 ) 
 ( -0.000000  0.000000 -0.000000  0.000000  0.050367  0.000000 ) 
 ( -0.000000  0.000000 -0.000000  0.000000 -0.050236  0.000000 ) 
 (  0.000000  0.000000  0.000000  0.000000 -0.418363  0.000000 ) 
 (  0.000000  0.000000  0.000000  0.000000  0.418311  0.000000 ) 
 (  0.000000  0.000000 -0.000000  0.000000 -0.181009  0.000000 ) 
 (  0.000000  0.000000 -0.000000  0.000000  0.180998  0.000000 ) 
 ( -0.000000  0.000000 -0.000000  0.000000  0.234541  0.000000 ) 
 ( -0.000000  0.000000 -0.000000  0.000000 -0.234456  0.000000 ) 
     freq (   16) =      15.096739 [THz] =     503.573001 [cm-1]
 ( -0.000000  0.000000 -0.000000  0.000000 -0.067835  0.000000 ) 
 ( -0.000000  0.000000 -0.000000  0.000000 -0.067763  0.000000 ) 
 (  0.000000  0.000000 -0.000000  0.000000  0.310483  0.000000 ) 
 ( -0.000000  0.000000  0.000000  0.000000  0.310530  0.000000 ) 
 ( -0.000000  0.000000  0.000000  0.000000 -0.254685  0.000000 ) 
 ( -0.000000  0.000000 -0.000000  0.000000 -0.254559  0.000000 ) 
 ( -0.000000  0.000000 -0.000000  0.000000  0.338901  0.000000 ) 
 (  0.000000  0.000000 -0.000000  0.000000  0.339044  0.000000 ) 
 (  0.000000  0.000000  0.000000  0.000000  0.119012  0.000000 ) 
 ( -0.000000  0.000000  0.000000  0.000000  0.118979  0.000000 ) 
 ( -0.000000  0.000000  0.000000  0.000000 -0.452866  0.000000 ) 
 (  0.000000  0.000000  0.000000  0.000000 -0.452880  0.000000 ) 
     freq (   17) =      15.338373 [THz] =     511.633040 [cm-1]
 (  0.000000  0.000000  0.000000  0.000000 -0.328403  0.000000 ) 
 (  0.000000  0.000000  0.000000  0.000000 -0.328368  0.000000 ) 
 (  0.000000  0.000000  0.000000  0.000000  0.111168  0.000000 ) 
 (  0.000000  0.000000 -0.000000  0.000000  0.110997  0.000000 ) 
 ( -0.000000  0.000000 -0.000000  0.000000  0.219247  0.000000 ) 
 (  0.000000  0.000000 -0.000000  0.000000  0.219437  0.000000 ) 
 (  0.000000  0.000000  0.000000  0.000000 -0.329775  0.000000 ) 
 (  0.000000  0.000000  0.000000  0.000000 -0.329510  0.000000 ) 
 ( -0.000000  0.000000 -0.000000  0.000000  0.455158  0.000000 ) 
 (  0.000000  0.000000 -0.000000  0.000000  0.454997  0.000000 ) 
 ( -0.000000  0.000000 -0.000000  0.000000 -0.126458  0.000000 ) 
 (  0.000000  0.000000 -0.000000  0.000000 -0.126151  0.000000 ) 
     freq (   18) =      18.297192 [THz] =     610.328638 [cm-1]
 ( -0.000000  0.000000 -0.000000  0.000000  0.012099  0.000000 ) 
 ( -0.000000  0.000000  0.000000  0.000000 -0.012339  0.000000 ) 
 ( -0.000000  0.000000 -0.000000  0.000000 -0.010915  0.000000 ) 
 (  0.000000  0.000000 -0.000000  0.000000  0.010851  0.000000 ) 
 (  0.000000  0.000000 -0.000000  0.000000 -0.003189  0.000000 ) 
 ( -0.000000  0.000000  0.000000  0.000000  0.003507  0.000000 ) 
 ( -0.000000  0.000000 -0.000000  0.000000  0.405218  0.000000 ) 
 ( -0.000000  0.000000 -0.000000  0.000000 -0.405354  0.000000 ) 
 ( -0.000000  0.000000 -0.000000  0.000000 -0.411723  0.000000 ) 
 (  0.000000  0.000000 -0.000000  0.000000  0.412085  0.000000 ) 
 ( -0.000000  0.000000  0.000000  0.000000  0.407068  0.000000 ) 
 ( -0.000000  0.000000  0.000000  0.000000 -0.407300  0.000000 ) 
     freq (   19) =      23.183059 [THz] =     773.303601 [cm-1]
 ( -0.164690  0.000000  0.395132  0.000000  0.000000  0.000000 ) 
 (  0.162787  0.000000 -0.390566  0.000000  0.000000  0.000000 ) 
 (  0.101769  0.000000 -0.244170  0.000000  0.000000  0.000000 ) 
 ( -0.100812  0.000000  0.241873  0.000000  0.000000  0.000000 ) 
 ( -0.164816  0.000000  0.395435  0.000000  0.000000  0.000000 ) 
 (  0.165484  0.000000 -0.397038  0.000000  0.000000  0.000000 ) 
 (  0.066062  0.000000 -0.158500  0.000000 -0.000000  0.000000 ) 
 ( -0.065321  0.000000  0.156722  0.000000 -0.000000  0.000000 ) 
 ( -0.037406  0.000000  0.089747  0.000000 -0.000000  0.000000 ) 
 (  0.036977  0.000000 -0.088716  0.000000 -0.000000  0.000000 ) 
 (  0.062828  0.000000 -0.150739  0.000000  0.000000  0.000000 ) 
 ( -0.063019  0.000000  0.151197  0.000000 -0.000000  0.000000 ) 
     freq (   20) =      23.183059 [THz] =     773.303602 [cm-1]
 ( -0.395132  0.000000 -0.164690  0.000000  0.000000  0.000000 ) 
 (  0.390566  0.000000  0.162787  0.000000 -0.000000  0.000000 ) 
 (  0.244170  0.000000  0.101769  0.000000 -0.000000  0.000000 ) 
 ( -0.241873  0.000000 -0.100812  0.000000 -0.000000  0.000000 ) 
 ( -0.395435  0.000000 -0.164816  0.000000 -0.000000  0.000000 ) 
 (  0.397038  0.000000  0.165484  0.000000 -0.000000  0.000000 ) 
 (  0.158500  0.000000  0.066062  0.000000  0.000000  0.000000 ) 
 ( -0.156722  0.000000 -0.065321  0.000000  0.000000  0.000000 ) 
 ( -0.089747  0.000000 -0.037406  0.000000  0.000000  0.000000 ) 
 (  0.088716  0.000000  0.036977  0.000000  0.000000  0.000000 ) 
 (  0.150739  0.000000  0.062828  0.000000  0.000000  0.000000 ) 
 ( -0.151197  0.000000 -0.063019  0.000000 -0.000000  0.000000 ) 
     freq (   21) =      23.261909 [THz] =     775.933757 [cm-1]
 (  0.169263  0.000000 -0.406106  0.000000  0.000000  0.000000 ) 
 (  0.169850  0.000000 -0.407514  0.000000  0.000000  0.000000 ) 
 (  0.029341  0.000000 -0.070397  0.000000  0.000000  0.000000 ) 
 (  0.028427  0.000000 -0.068203  0.000000  0.000000  0.000000 ) 
 ( -0.186188  0.000000  0.446712  0.000000  0.000000  0.000000 ) 
 ( -0.184764  0.000000  0.443295  0.000000  0.000000  0.000000 ) 
 ( -0.071926  0.000000  0.172570  0.000000 -0.000000  0.000000 ) 
 ( -0.072157  0.000000  0.173122  0.000000 -0.000000  0.000000 ) 
 ( -0.003084  0.000000  0.007399  0.000000 -0.000000  0.000000 ) 
 ( -0.002763  0.000000  0.006628  0.000000 -0.000000  0.000000 ) 
 (  0.069707  0.000000 -0.167245  0.000000 -0.000000  0.000000 ) 
 (  0.069133  0.000000 -0.165867  0.000000 -0.000000  0.000000 ) 
     freq (   22) =      23.261909 [THz] =     775.933758 [cm-1]
 (  0.406106  0.000000  0.169263  0.000000 -0.000000  0.000000 ) 
 (  0.407514  0.000000  0.169850  0.000000  0.000000  0.000000 ) 
 (  0.070397  0.000000  0.029341  0.000000 -0.000000  0.000000 ) 
 (  0.068203  0.000000  0.028427  0.000000 -0.000000  0.000000 ) 
 ( -0.446712  0.000000 -0.186188  0.000000 -0.000000  0.000000 ) 
 ( -0.443295  0.000000 -0.184764  0.000000 -0.000000  0.000000 ) 
 ( -0.172570  0.000000 -0.071926  0.000000 -0.000000  0.000000 ) 
 ( -0.173122  0.000000 -0.072157  0.000000  0.000000  0.000000 ) 
 ( -0.007399  0.000000 -0.003084  0.000000  0.000000  0.000000 ) 
 ( -0.006628  0.000000 -0.002763  0.000000  0.000000  0.000000 ) 
 (  0.167245  0.000000  0.069707  0.000000  0.000000  0.000000 ) 
 (  0.165867  0.000000  0.069133  0.000000  0.000000  0.000000 ) 
     freq (   23) =      23.476744 [THz] =     783.099897 [cm-1]
 ( -0.125442  0.000000  0.300966  0.000000 -0.000000  0.000000 ) 
 ( -0.126471  0.000000  0.303436  0.000000  0.000000  0.000000 ) 
 (  0.203835  0.000000 -0.489051  0.000000 -0.000000  0.000000 ) 
 (  0.203158  0.000000 -0.487428  0.000000 -0.000000  0.000000 ) 
 ( -0.082761  0.000000  0.198565  0.000000 -0.000000  0.000000 ) 
 ( -0.084432  0.000000  0.202573  0.000000 -0.000000  0.000000 ) 
 (  0.041864  0.000000 -0.100442  0.000000  0.000000  0.000000 ) 
 (  0.042343  0.000000 -0.101591  0.000000  0.000000  0.000000 ) 
 ( -0.079853  0.000000  0.191588  0.000000  0.000000  0.000000 ) 
 ( -0.079535  0.000000  0.190824  0.000000  0.000000  0.000000 ) 
 (  0.039869  0.000000 -0.095656  0.000000  0.000000  0.000000 ) 
 (  0.040493  0.000000 -0.097154  0.000000  0.000000  0.000000 ) 
     freq (   24) =      23.476744 [THz] =     783.099897 [cm-1]
 (  0.300966  0.000000  0.125442  0.000000  0.000000  0.000000 ) 
 (  0.303436  0.000000  0.126471  0.000000 -0.000000  0.000000 ) 
 ( -0.489051  0.000000 -0.203835  0.000000 -0.000000  0.000000 ) 
 ( -0.487428  0.000000 -0.203158  0.000000  0.000000  0.000000 ) 
 (  0.198565  0.000000  0.082761  0.000000  0.000000  0.000000 ) 
 (  0.202573  0.000000  0.084432  0.000000  0.000000  0.000000 ) 
 ( -0.100442  0.000000 -0.041864  0.000000 -0.000000  0.000000 ) 
 ( -0.101591  0.000000 -0.042343  0.000000 -0.000000  0.000000 ) 
 (  0.191588  0.000000  0.079853  0.000000 -0.000000  0.000000 ) 
 (  0.190824  0.000000  0.079535  0.000000 -0.000000  0.000000 ) 
 ( -0.095656  0.000000 -0.039869  0.000000 -0.000000  0.000000 ) 
 ( -0.097154  0.000000 -0.040493  0.000000 -0.000000  0.000000 ) 
     freq (   25) =      23.661578 [THz] =     789.265295 [cm-1]
 ( -0.000000  0.000000 -0.000000  0.000000  0.391212  0.000000 ) 
 (  0.000000  0.000000  0.000000  0.000000  0.391006  0.000000 ) 
 (  0.000000  0.000000 -0.000000  0.000000  0.371531  0.000000 ) 
 (  0.000000  0.000000  0.000000  0.000000  0.371128  0.000000 ) 
 (  0.000000  0.000000  0.000000  0.000000  0.363241  0.000000 ) 
 ( -0.000000  0.000000  0.000000  0.000000  0.363033  0.000000 ) 
 (  0.000000  0.000000  0.000000  0.000000 -0.161156  0.000000 ) 
 ( -0.000000  0.000000 -0.000000  0.000000 -0.161040  0.000000 ) 
 ( -0.000000  0.000000  0.000000  0.000000 -0.155462  0.000000 ) 
 ( -0.000000  0.000000 -0.000000  0.000000 -0.155288  0.000000 ) 
 ( -0.000000  0.000000 -0.000000  0.000000 -0.164914  0.000000 ) 
 (  0.000000  0.000000 -0.000000  0.000000 -0.164849  0.000000 ) 
     freq (   26) =      23.741670 [THz] =     791.936856 [cm-1]
 ( -0.094998  0.000000  0.227923  0.000000  0.000000  0.000000 ) 
 (  0.093726  0.000000 -0.224872  0.000000  0.000000  0.000000 ) 
 ( -0.229126  0.000000  0.549730  0.000000  0.000000  0.000000 ) 
 (  0.229330  0.000000 -0.550221  0.000000  0.000000  0.000000 ) 
 ( -0.042875  0.000000  0.102869  0.000000  0.000000  0.000000 ) 
 (  0.041243  0.000000 -0.098953  0.000000  0.000000  0.000000 ) 
 (  0.048188  0.000000 -0.115615  0.000000 -0.000000  0.000000 ) 
 ( -0.047697  0.000000  0.114436  0.000000 -0.000000  0.000000 ) 
 (  0.091591  0.000000 -0.219751  0.000000 -0.000000  0.000000 ) 
 ( -0.091623  0.000000  0.219827  0.000000 -0.000000  0.000000 ) 
 (  0.010027  0.000000 -0.024058  0.000000 -0.000000  0.000000 ) 
 ( -0.009326  0.000000  0.022375  0.000000 -0.000000  0.000000 ) 
     freq (   27) =      23.741670 [THz] =     791.936857 [cm-1]
 (  0.227923  0.000000  0.094998  0.000000  0.000000  0.000000 ) 
 ( -0.224872  0.000000 -0.093726  0.000000  0.000000  0.000000 ) 
 (  0.549730  0.000000  0.229126  0.000000  0.000000  0.000000 ) 
 ( -0.550221  0.000000 -0.229330  0.000000  0.000000  0.000000 ) 
 (  0.102869  0.000000  0.042875  0.000000  0.000000  0.000000 ) 
 ( -0.098953  0.000000 -0.041243  0.000000  0.000000  0.000000 ) 
 ( -0.115615  0.000000 -0.048188  0.000000 -0.000000  0.000000 ) 
 (  0.114436  0.000000  0.047697  0.000000 -0.000000  0.000000 ) 
 ( -0.219751  0.000000 -0.091591  0.000000 -0.000000  0.000000 ) 
 (  0.219827  0.000000  0.091623  0.000000 -0.000000  0.000000 ) 
 ( -0.024058  0.000000 -0.010027  0.000000 -0.000000  0.000000 ) 
 (  0.022375  0.000000  0.009326  0.000000 -0.000000  0.000000 ) 
     freq (   28) =      23.779917 [THz] =     793.212648 [cm-1]
 ( -0.166055  0.000000  0.398409  0.000000  0.000000  0.000000 ) 
 (  0.166527  0.000000 -0.399540  0.000000  0.000000  0.000000 ) 
 (  0.034512  0.000000 -0.082804  0.000000 -0.000000  0.000000 ) 
 ( -0.035223  0.000000  0.084510  0.000000 -0.000000  0.000000 ) 
 (  0.185314  0.000000 -0.444615  0.000000 -0.000000  0.000000 ) 
 ( -0.185748  0.000000  0.445657  0.000000  0.000000  0.000000 ) 
 (  0.061914  0.000000 -0.148548  0.000000 -0.000000  0.000000 ) 
 ( -0.062081  0.000000  0.148948  0.000000  0.000000  0.000000 ) 
 ( -0.023413  0.000000  0.056175  0.000000  0.000000  0.000000 ) 
 (  0.023716  0.000000 -0.056901  0.000000 -0.000000  0.000000 ) 
 ( -0.079386  0.000000  0.190468  0.000000 -0.000000  0.000000 ) 
 (  0.079537  0.000000 -0.190830  0.000000 -0.000000  0.000000 ) 
     freq (   29) =      23.779917 [THz] =     793.212649 [cm-1]
 ( -0.398409  0.000000 -0.166055  0.000000 -0.000000  0.000000 ) 
 (  0.399540  0.000000  0.166527  0.000000 -0.000000  0.000000 ) 
 (  0.082804  0.000000  0.034512  0.000000 -0.000000  0.000000 ) 
 ( -0.084510  0.000000 -0.035223  0.000000 -0.000000  0.000000 ) 
 (  0.444615  0.000000  0.185314  0.000000 -0.000000  0.000000 ) 
 ( -0.445657  0.000000 -0.185748  0.000000 -0.000000  0.000000 ) 
 (  0.148548  0.000000  0.061914  0.000000  0.000000  0.000000 ) 
 ( -0.148948  0.000000 -0.062081  0.000000  0.000000  0.000000 ) 
 ( -0.056175  0.000000 -0.023413  0.000000  0.000000  0.000000 ) 
 (  0.056901  0.000000  0.023716  0.000000  0.000000  0.000000 ) 
 ( -0.190468  0.000000 -0.079386  0.000000  0.000000  0.000000 ) 
 (  0.190830  0.000000  0.079537  0.000000  0.000000  0.000000 ) 
     freq (   30) =      23.977865 [THz] =     799.815475 [cm-1]
 ( -0.136613  0.000000  0.327769  0.000000 -0.000000  0.000000 ) 
 ( -0.137547  0.000000  0.330010  0.000000 -0.000000  0.000000 ) 
 ( -0.145970  0.000000  0.350219  0.000000 -0.000000  0.000000 ) 
 ( -0.147314  0.000000  0.353443  0.000000 -0.000000  0.000000 ) 
 ( -0.149233  0.000000  0.358047  0.000000  0.000000  0.000000 ) 
 ( -0.149248  0.000000  0.358083  0.000000 -0.000000  0.000000 ) 
 (  0.059214  0.000000 -0.142069  0.000000  0.000000  0.000000 ) 
 (  0.059641  0.000000 -0.143093  0.000000  0.000000  0.000000 ) 
 (  0.062405  0.000000 -0.149726  0.000000  0.000000  0.000000 ) 
 (  0.062925  0.000000 -0.150973  0.000000  0.000000  0.000000 ) 
 (  0.063089  0.000000 -0.151366  0.000000  0.000000  0.000000 ) 
 (  0.063040  0.000000 -0.151250  0.000000  0.000000  0.000000 ) 
     freq (   31) =      23.977865 [THz] =     799.815476 [cm-1]
 ( -0.327769  0.000000 -0.136613  0.000000  0.000000  0.000000 ) 
 ( -0.330010  0.000000 -0.137547  0.000000  0.000000  0.000000 ) 
 ( -0.350219  0.000000 -0.145970  0.000000  0.000000  0.000000 ) 
 ( -0.353443  0.000000 -0.147314  0.000000  0.000000  0.000000 ) 
 ( -0.358047  0.000000 -0.149233  0.000000  0.000000  0.000000 ) 
 ( -0.358083  0.000000 -0.149248  0.000000  0.000000  0.000000 ) 
 (  0.142069  0.000000  0.059214  0.000000 -0.000000  0.000000 ) 
 (  0.143093  0.000000  0.059641  0.000000 -0.000000  0.000000 ) 
 (  0.149726  0.000000  0.062405  0.000000 -0.000000  0.000000 ) 
 (  0.150973  0.000000  0.062925  0.000000 -0.000000  0.000000 ) 
 (  0.151366  0.000000  0.063089  0.000000 -0.000000  0.000000 ) 
 (  0.151250  0.000000  0.063040  0.000000 -0.000000  0.000000 ) 
     freq (   32) =      25.244118 [THz] =     842.053149 [cm-1]
 (  0.000000  0.000000 -0.000000  0.000000  0.423297  0.000000 ) 
 ( -0.000000  0.000000  0.000000  0.000000 -0.423173  0.000000 ) 
 (  0.000000  0.000000 -0.000000  0.000000 -0.407432  0.000000 ) 
 (  0.000000  0.000000  0.000000  0.000000  0.406226  0.000000 ) 
 (  0.000000  0.000000 -0.000000  0.000000  0.394578  0.000000 ) 
 ( -0.000000  0.000000 -0.000000  0.000000 -0.393501  0.000000 ) 
 ( -0.000000  0.000000  0.000000  0.000000 -0.005591  0.000000 ) 
 ( -0.000000  0.000000 -0.000000  0.000000  0.005860  0.000000 ) 
 ( -0.000000  0.000000  0.000000  0.000000  0.006895  0.000000 ) 
 ( -0.000000  0.000000 -0.000000  0.000000 -0.006731  0.000000 ) 
 ( -0.000000  0.000000  0.000000  0.000000  0.003679  0.000000 ) 
 (  0.000000  0.000000  0.000000  0.000000 -0.004110  0.000000 ) 
     freq (   33) =      26.608081 [THz] =     887.550037 [cm-1]
 ( -0.000000  0.000000 -0.000000  0.000000  0.463977  0.000000 ) 
 ( -0.000000  0.000000 -0.000000  0.000000  0.464927  0.000000 ) 
 ( -0.000000  0.000000 -0.000000  0.000000 -0.491890  0.000000 ) 
 ( -0.000000  0.000000  0.000000  0.000000 -0.491880  0.000000 ) 
 (  0.000000  0.000000  0.000000  0.000000  0.003538  0.000000 ) 
 ( -0.000000  0.000000 -0.000000  0.000000  0.004695  0.000000 ) 
 (  0.000000  0.000000  0.000000  0.000000 -0.004211  0.000000 ) 
 ( -0.000000  0.000000 -0.000000  0.000000 -0.004368  0.000000 ) 
 ( -0.000000  0.000000 -0.000000  0.000000  0.152546  0.000000 ) 
 (  0.000000  0.000000 -0.000000  0.000000  0.152217  0.000000 ) 
 ( -0.000000  0.000000 -0.000000  0.000000 -0.138097  0.000000 ) 
 ( -0.000000  0.000000  0.000000  0.000000 -0.138147  0.000000 ) 
     freq (   34) =      26.744646 [THz] =     892.105354 [cm-1]
 (  0.000000  0.000000  0.000000  0.000000  0.279868  0.000000 ) 
 ( -0.000000  0.000000 -0.000000  0.000000  0.278129  0.000000 ) 
 ( -0.000000  0.000000 -0.000000  0.000000  0.260246  0.000000 ) 
 ( -0.000000  0.000000  0.000000  0.000000  0.260855  0.000000 ) 
 (  0.000000  0.000000  0.000000  0.000000 -0.558956  0.000000 ) 
 ( -0.000000  0.000000  0.000000  0.000000 -0.559096  0.000000 ) 
 (  0.000000  0.000000  0.000000  0.000000 -0.164044  0.000000 ) 
 (  0.000000  0.000000 -0.000000  0.000000 -0.163799  0.000000 ) 
 ( -0.000000  0.000000 -0.000000  0.000000  0.080780  0.000000 ) 
 (  0.000000  0.000000 -0.000000  0.000000  0.080770  0.000000 ) 
 (  0.000000  0.000000 -0.000000  0.000000  0.091688  0.000000 ) 
 ( -0.000000  0.000000 -0.000000  0.000000  0.091263  0.000000 ) 
     freq (   35) =      28.272476 [THz] =     943.068278 [cm-1]
 (  0.000000  0.000000 -0.000000  0.000000  0.516468  0.000000 ) 
 ( -0.000000  0.000000 -0.000000  0.000000 -0.516926  0.000000 ) 
 ( -0.000000  0.000000 -0.000000  0.000000  0.223493  0.000000 ) 
 ( -0.000000  0.000000 -0.000000  0.000000 -0.224203  0.000000 ) 
 ( -0.000000  0.000000 -0.000000  0.000000 -0.334715  0.000000 ) 
 ( -0.000000  0.000000 -0.000000  0.000000  0.335649  0.000000 ) 
 (  0.000000  0.000000  0.000000  0.000000 -0.181849  0.000000 ) 
 ( -0.000000  0.000000 -0.000000  0.000000  0.182183  0.000000 ) 
 ( -0.000000  0.000000 -0.000000  0.000000  0.016606  0.000000 ) 
 (  0.000000  0.000000  0.000000  0.000000 -0.016720  0.000000 ) 
 (  0.000000  0.000000  0.000000  0.000000  0.192711  0.000000 ) 
 (  0.000000  0.000000  0.000000  0.000000 -0.192835  0.000000 ) 
     freq (   36) =      28.501603 [THz] =     950.711149 [cm-1]
 ( -0.000000  0.000000 -0.000000  0.000000  0.069632  0.000000 ) 
 ( -0.000000  0.000000 -0.000000  0.000000 -0.069164  0.000000 ) 
 ( -0.000000  0.000000 -0.000000  0.000000  0.485804  0.000000 ) 
 ( -0.000000  0.000000 -0.000000  0.000000 -0.486697  0.000000 ) 
 (  0.000000  0.000000 -0.000000  0.000000  0.434096  0.000000 ) 
 ( -0.000000  0.000000 -0.000000  0.000000 -0.434528  0.000000 ) 
 ( -0.000000  0.000000 -0.000000  0.000000 -0.120406  0.000000 ) 
 ( -0.000000  0.000000 -0.000000  0.000000  0.120515  0.000000 ) 
 ( -0.000000  0.000000 -0.000000  0.000000 -0.216498  0.000000 ) 
 ( -0.000000  0.000000  0.000000  0.000000  0.216827  0.000000 ) 
 ( -0.000000  0.000000 -0.000000  0.000000 -0.093120  0.000000 ) 
 ( -0.000000  0.000000 -0.000000  0.000000  0.093041  0.000000 ) 
 **************************************************************************
