           1           1
     0.42216507E+00     0.00000000     0.00000000E+00     0.00000000     0.00000000E+00     0.00000000   
     0.00000000E+00     0.00000000     0.42216507E+00     0.00000000     0.00000000E+00     0.00000000   
     0.00000000E+00     0.00000000     0.00000000E+00     0.00000000     0.68103606E+00     0.00000000   
           1           2
    -0.35927811E+00     0.00000000     0.00000000E+00     0.00000000     0.00000000E+00     0.00000000   
     0.00000000E+00     0.00000000    -0.35927811E+00     0.00000000     0.00000000E+00     0.00000000   
     0.00000000E+00     0.00000000     0.00000000E+00     0.00000000    -0.28348169E+00     0.00000000   
           1           3
    -0.65128799E-02     0.00000000     0.00000000E+00     0.00000000     0.00000000E+00     0.00000000   
     0.00000000E+00     0.00000000    -0.65128799E-02     0.00000000     0.00000000E+00     0.00000000   
     0.00000000E+00     0.00000000     0.00000000E+00     0.00000000    -0.62687762E-01     0.00000000   
           1           4
     0.81580001E-04     0.00000000     0.00000000E+00     0.00000000     0.00000000E+00     0.00000000   
     0.00000000E+00     0.00000000     0.81580001E-04     0.00000000     0.00000000E+00     0.00000000   
     0.00000000E+00     0.00000000     0.00000000E+00     0.00000000     0.40871198E-02     0.00000000   
           1           5
    -0.59079000E-03     0.00000000     0.00000000E+00     0.00000000     0.00000000E+00     0.00000000   
     0.00000000E+00     0.00000000    -0.59079000E-03     0.00000000     0.00000000E+00     0.00000000   
     0.00000000E+00     0.00000000     0.00000000E+00     0.00000000    -0.20142360E-01     0.00000000   
           1           6
     0.97200000E-05     0.00000000     0.00000000E+00     0.00000000     0.00000000E+00     0.00000000   
     0.00000000E+00     0.00000000     0.97200000E-05     0.00000000     0.00000000E+00     0.00000000   
     0.00000000E+00     0.00000000     0.00000000E+00     0.00000000     0.17810760E-01     0.00000000   
           1           7
    -0.39949999E-04     0.00000000     0.00000000E+00     0.00000000     0.00000000E+00     0.00000000   
     0.00000000E+00     0.00000000    -0.39949999E-04     0.00000000     0.00000000E+00     0.00000000   
     0.00000000E+00     0.00000000     0.00000000E+00     0.00000000    -0.17996440E-01     0.00000000   
           1           8
    -0.18590001E-04     0.00000000     0.00000000E+00     0.00000000     0.00000000E+00     0.00000000   
     0.00000000E+00     0.00000000    -0.18590001E-04     0.00000000     0.00000000E+00     0.00000000   
     0.00000000E+00     0.00000000     0.00000000E+00     0.00000000     0.16885780E-01     0.00000000   
           1           9
    -0.54400002E-05     0.00000000     0.00000000E+00     0.00000000     0.00000000E+00     0.00000000   
     0.00000000E+00     0.00000000    -0.54400002E-05     0.00000000     0.00000000E+00     0.00000000   
     0.00000000E+00     0.00000000     0.00000000E+00     0.00000000    -0.16246909E-01     0.00000000   
           1          10
     0.62999999E-06     0.00000000     0.00000000E+00     0.00000000     0.00000000E+00     0.00000000   
     0.00000000E+00     0.00000000     0.62999999E-06     0.00000000     0.00000000E+00     0.00000000   
     0.00000000E+00     0.00000000     0.00000000E+00     0.00000000     0.17514169E-01     0.00000000   
           1          11
    -0.48999999E-06     0.00000000     0.00000000E+00     0.00000000     0.00000000E+00     0.00000000   
     0.00000000E+00     0.00000000    -0.48999999E-06     0.00000000     0.00000000E+00     0.00000000   
     0.00000000E+00     0.00000000     0.00000000E+00     0.00000000    -0.17402420E-01     0.00000000   
           1          12
     0.11000000E-06     0.00000000     0.00000000E+00     0.00000000     0.00000000E+00     0.00000000   
     0.00000000E+00     0.00000000     0.11000000E-06     0.00000000     0.00000000E+00     0.00000000   
     0.00000000E+00     0.00000000     0.00000000E+00     0.00000000     0.17210860E-01     0.00000000   
           2           1
    -0.35927811E+00     0.00000000     0.00000000E+00     0.00000000     0.00000000E+00     0.00000000   
     0.00000000E+00     0.00000000    -0.35927811E+00     0.00000000     0.00000000E+00     0.00000000   
     0.00000000E+00     0.00000000     0.00000000E+00     0.00000000    -0.28348169E+00     0.00000000   
           2           2
     0.41306108E+00     0.00000000     0.00000000E+00     0.00000000     0.00000000E+00     0.00000000   
     0.00000000E+00     0.00000000     0.41306108E+00     0.00000000     0.00000000E+00     0.00000000   
     0.00000000E+00     0.00000000     0.00000000E+00     0.00000000     0.59819120E+00     0.00000000   
           2           3
    -0.43954100E-01     0.00000000     0.00000000E+00     0.00000000     0.00000000E+00     0.00000000   
     0.00000000E+00     0.00000000    -0.43954100E-01     0.00000000     0.00000000E+00     0.00000000   
     0.00000000E+00     0.00000000     0.00000000E+00     0.00000000    -0.26086530E+00     0.00000000   
           2           4
     0.50834002E-03     0.00000000     0.00000000E+00     0.00000000     0.00000000E+00     0.00000000   
     0.00000000E+00     0.00000000     0.50834002E-03     0.00000000     0.00000000E+00     0.00000000   
     0.00000000E+00     0.00000000     0.00000000E+00     0.00000000    -0.31337962E-01     0.00000000   
           2           5
    -0.43863901E-02     0.00000000     0.00000000E+00     0.00000000     0.00000000E+00     0.00000000   
     0.00000000E+00     0.00000000    -0.43863901E-02     0.00000000     0.00000000E+00     0.00000000   
     0.00000000E+00     0.00000000     0.00000000E+00     0.00000000     0.18478200E-01     0.00000000   
           2           6
    -0.89153001E-03     0.00000000     0.00000000E+00     0.00000000     0.00000000E+00     0.00000000   
     0.00000000E+00     0.00000000    -0.89153001E-03     0.00000000     0.00000000E+00     0.00000000   
     0.00000000E+00     0.00000000     0.00000000E+00     0.00000000    -0.16937310E-01     0.00000000   
           2           7
    -0.65556000E-03     0.00000000     0.00000000E+00     0.00000000     0.00000000E+00     0.00000000   
     0.00000000E+00     0.00000000    -0.65556000E-03     0.00000000     0.00000000E+00     0.00000000   
     0.00000000E+00     0.00000000     0.00000000E+00     0.00000000     0.17040661E-01     0.00000000   
           2           8
    -0.96700001E-04     0.00000000     0.00000000E+00     0.00000000     0.00000000E+00     0.00000000   
     0.00000000E+00     0.00000000    -0.96700001E-04     0.00000000     0.00000000E+00     0.00000000   
     0.00000000E+00     0.00000000     0.00000000E+00     0.00000000    -0.15859490E-01     0.00000000   
           2           9
    -0.94460003E-04     0.00000000     0.00000000E+00     0.00000000     0.00000000E+00     0.00000000   
     0.00000000E+00     0.00000000    -0.94460003E-04     0.00000000     0.00000000E+00     0.00000000   
     0.00000000E+00     0.00000000     0.00000000E+00     0.00000000     0.15272350E-01     0.00000000   
           2          10
    -0.11100000E-05     0.00000000     0.00000000E+00     0.00000000     0.00000000E+00     0.00000000   
     0.00000000E+00     0.00000000    -0.11100000E-05     0.00000000     0.00000000E+00     0.00000000   
     0.00000000E+00     0.00000000     0.00000000E+00     0.00000000    -0.16454199E-01     0.00000000   
           2          11
    -0.39500001E-05     0.00000000     0.00000000E+00     0.00000000     0.00000000E+00     0.00000000   
     0.00000000E+00     0.00000000    -0.39500001E-05     0.00000000     0.00000000E+00     0.00000000   
     0.00000000E+00     0.00000000     0.00000000E+00     0.00000000     0.16347770E-01     0.00000000   
           2          12
    -0.35300000E-05     0.00000000     0.00000000E+00     0.00000000     0.00000000E+00     0.00000000   
     0.00000000E+00     0.00000000    -0.35300000E-05     0.00000000     0.00000000E+00     0.00000000   
     0.00000000E+00     0.00000000     0.00000000E+00     0.00000000    -0.16164711E-01     0.00000000   
           3           1
    -0.65128799E-02     0.00000000     0.00000000E+00     0.00000000     0.00000000E+00     0.00000000   
     0.00000000E+00     0.00000000    -0.65128799E-02     0.00000000     0.00000000E+00     0.00000000   
     0.00000000E+00     0.00000000     0.00000000E+00     0.00000000    -0.62687762E-01     0.00000000   
           3           2
    -0.43954100E-01     0.00000000     0.00000000E+00     0.00000000     0.00000000E+00     0.00000000   
     0.00000000E+00     0.00000000    -0.43954100E-01     0.00000000     0.00000000E+00     0.00000000   
     0.00000000E+00     0.00000000     0.00000000E+00     0.00000000    -0.26086530E+00     0.00000000   
           3           3
     0.41797540E+00     0.00000000     0.00000000E+00     0.00000000     0.00000000E+00     0.00000000   
     0.00000000E+00     0.00000000     0.41797540E+00     0.00000000     0.00000000E+00     0.00000000   
     0.00000000E+00     0.00000000     0.00000000E+00     0.00000000     0.67227525E+00     0.00000000   
           3           4
    -0.36001655E+00     0.00000000     0.00000000E+00     0.00000000     0.00000000E+00     0.00000000   
     0.00000000E+00     0.00000000    -0.36001655E+00     0.00000000     0.00000000E+00     0.00000000   
     0.00000000E+00     0.00000000     0.00000000E+00     0.00000000    -0.28718466E+00     0.00000000   
           3           5
    -0.69045499E-02     0.00000000     0.00000000E+00     0.00000000     0.00000000E+00     0.00000000   
     0.00000000E+00     0.00000000    -0.69045499E-02     0.00000000     0.00000000E+00     0.00000000   
     0.00000000E+00     0.00000000     0.00000000E+00     0.00000000    -0.65994538E-01     0.00000000   
           3           6
     0.29587001E-02     0.00000000     0.00000000E+00     0.00000000     0.00000000E+00     0.00000000   
     0.00000000E+00     0.00000000     0.29587001E-02     0.00000000     0.00000000E+00     0.00000000   
     0.00000000E+00     0.00000000     0.00000000E+00     0.00000000     0.38206701E-02     0.00000000   
           3           7
     0.76859002E-03     0.00000000     0.00000000E+00     0.00000000     0.00000000E+00     0.00000000   
     0.00000000E+00     0.00000000     0.76859002E-03     0.00000000     0.00000000E+00     0.00000000   
     0.00000000E+00     0.00000000     0.00000000E+00     0.00000000    -0.17952420E-01     0.00000000   
           3           8
     0.65419998E-04     0.00000000     0.00000000E+00     0.00000000     0.00000000E+00     0.00000000   
     0.00000000E+00     0.00000000     0.65419998E-04     0.00000000     0.00000000E+00     0.00000000   
     0.00000000E+00     0.00000000     0.00000000E+00     0.00000000     0.15456860E-01     0.00000000   
           3           9
     0.52709998E-04     0.00000000     0.00000000E+00     0.00000000     0.00000000E+00     0.00000000   
     0.00000000E+00     0.00000000     0.52709998E-04     0.00000000     0.00000000E+00     0.00000000   
     0.00000000E+00     0.00000000     0.00000000E+00     0.00000000    -0.14710650E-01     0.00000000   
           3          10
     0.10700001E-05     0.00000000     0.00000000E+00     0.00000000     0.00000000E+00     0.00000000   
     0.00000000E+00     0.00000000     0.10700001E-05     0.00000000     0.00000000E+00     0.00000000   
     0.00000000E+00     0.00000000     0.00000000E+00     0.00000000     0.15891191E-01     0.00000000   
           3          11
    -0.15000001E-05     0.00000000     0.00000000E+00     0.00000000     0.00000000E+00     0.00000000   
     0.00000000E+00     0.00000000    -0.15000001E-05     0.00000000     0.00000000E+00     0.00000000   
     0.00000000E+00     0.00000000     0.00000000E+00     0.00000000    -0.15780561E-01     0.00000000   
           3          12
     0.17999999E-05     0.00000000     0.00000000E+00     0.00000000     0.00000000E+00     0.00000000   
     0.00000000E+00     0.00000000     0.17999999E-05     0.00000000     0.00000000E+00     0.00000000   
     0.00000000E+00     0.00000000     0.00000000E+00     0.00000000     0.15593220E-01     0.00000000   
           4           1
     0.81580001E-04     0.00000000     0.00000000E+00     0.00000000     0.00000000E+00     0.00000000   
     0.00000000E+00     0.00000000     0.81580001E-04     0.00000000     0.00000000E+00     0.00000000   
     0.00000000E+00     0.00000000     0.00000000E+00     0.00000000     0.40871198E-02     0.00000000   
           4           2
     0.50834002E-03     0.00000000     0.00000000E+00     0.00000000     0.00000000E+00     0.00000000   
     0.00000000E+00     0.00000000     0.50834002E-03     0.00000000     0.00000000E+00     0.00000000   
     0.00000000E+00     0.00000000     0.00000000E+00     0.00000000    -0.31337962E-01     0.00000000   
           4           3
    -0.36001655E+00     0.00000000     0.00000000E+00     0.00000000     0.00000000E+00     0.00000000   
     0.00000000E+00     0.00000000    -0.36001655E+00     0.00000000     0.00000000E+00     0.00000000   
     0.00000000E+00     0.00000000     0.00000000E+00     0.00000000    -0.28718466E+00     0.00000000   
           4           4
     0.41362804E+00     0.00000000     0.00000000E+00     0.00000000     0.00000000E+00     0.00000000   
     0.00000000E+00     0.00000000     0.41362804E+00     0.00000000     0.00000000E+00     0.00000000   
     0.00000000E+00     0.00000000     0.00000000E+00     0.00000000     0.60992098E+00     0.00000000   
           4           5
    -0.43212019E-01     0.00000000     0.00000000E+00     0.00000000     0.00000000E+00     0.00000000   
     0.00000000E+00     0.00000000    -0.43212019E-01     0.00000000     0.00000000E+00     0.00000000   
     0.00000000E+00     0.00000000     0.00000000E+00     0.00000000    -0.26902106E+00     0.00000000   
           4           6
    -0.41240100E-02     0.00000000     0.00000000E+00     0.00000000     0.00000000E+00     0.00000000   
     0.00000000E+00     0.00000000    -0.41240100E-02     0.00000000     0.00000000E+00     0.00000000   
     0.00000000E+00     0.00000000     0.00000000E+00     0.00000000    -0.27520480E-01     0.00000000   
           4           7
    -0.49247099E-02     0.00000000     0.00000000E+00     0.00000000     0.00000000E+00     0.00000000   
     0.00000000E+00     0.00000000    -0.49247099E-02     0.00000000     0.00000000E+00     0.00000000   
     0.00000000E+00     0.00000000     0.00000000E+00     0.00000000     0.19581420E-01     0.00000000   
           4           8
    -0.11217300E-02     0.00000000     0.00000000E+00     0.00000000     0.00000000E+00     0.00000000   
     0.00000000E+00     0.00000000    -0.11217300E-02     0.00000000     0.00000000E+00     0.00000000   
     0.00000000E+00     0.00000000     0.00000000E+00     0.00000000    -0.16948991E-01     0.00000000   
           4           9
    -0.67225000E-03     0.00000000     0.00000000E+00     0.00000000     0.00000000E+00     0.00000000   
     0.00000000E+00     0.00000000    -0.67225000E-03     0.00000000     0.00000000E+00     0.00000000   
     0.00000000E+00     0.00000000     0.00000000E+00     0.00000000     0.15989620E-01     0.00000000   
           4          10
     0.29770001E-04     0.00000000     0.00000000E+00     0.00000000     0.00000000E+00     0.00000000   
     0.00000000E+00     0.00000000     0.29770001E-04     0.00000000     0.00000000E+00     0.00000000   
     0.00000000E+00     0.00000000     0.00000000E+00     0.00000000    -0.17157990E-01     0.00000000   
           4          11
    -0.29060000E-04     0.00000000     0.00000000E+00     0.00000000     0.00000000E+00     0.00000000   
     0.00000000E+00     0.00000000    -0.29060000E-04     0.00000000     0.00000000E+00     0.00000000   
     0.00000000E+00     0.00000000     0.00000000E+00     0.00000000     0.17034570E-01     0.00000000   
           4          12
    -0.14390000E-04     0.00000000     0.00000000E+00     0.00000000     0.00000000E+00     0.00000000   
     0.00000000E+00     0.00000000    -0.14390000E-04     0.00000000     0.00000000E+00     0.00000000   
     0.00000000E+00     0.00000000     0.00000000E+00     0.00000000    -0.16826030E-01     0.00000000   
           5           1
    -0.59079000E-03     0.00000000     0.00000000E+00     0.00000000     0.00000000E+00     0.00000000   
     0.00000000E+00     0.00000000    -0.59079000E-03     0.00000000     0.00000000E+00     0.00000000   
     0.00000000E+00     0.00000000     0.00000000E+00     0.00000000    -0.20142360E-01     0.00000000   
           5           2
    -0.43863901E-02     0.00000000     0.00000000E+00     0.00000000     0.00000000E+00     0.00000000   
     0.00000000E+00     0.00000000    -0.43863901E-02     0.00000000     0.00000000E+00     0.00000000   
     0.00000000E+00     0.00000000     0.00000000E+00     0.00000000     0.18478200E-01     0.00000000   
           5           3
    -0.69045499E-02     0.00000000     0.00000000E+00     0.00000000     0.00000000E+00     0.00000000   
     0.00000000E+00     0.00000000    -0.69045499E-02     0.00000000     0.00000000E+00     0.00000000   
     0.00000000E+00     0.00000000     0.00000000E+00     0.00000000    -0.65994538E-01     0.00000000   
           5           4
    -0.43212019E-01     0.00000000     0.00000000E+00     0.00000000     0.00000000E+00     0.00000000   
     0.00000000E+00     0.00000000    -0.43212019E-01     0.00000000     0.00000000E+00     0.00000000   
     0.00000000E+00     0.00000000     0.00000000E+00     0.00000000    -0.26902106E+00     0.00000000   
           5           5
     0.41975936E+00     0.00000000     0.00000000E+00     0.00000000     0.00000000E+00     0.00000000   
     0.00000000E+00     0.00000000     0.41975933E+00     0.00000000     0.00000000E+00     0.00000000   
     0.00000000E+00     0.00000000     0.00000000E+00     0.00000000     0.68904281E+00     0.00000000   
           5           6
    -0.36196643E+00     0.00000000     0.00000000E+00     0.00000000     0.00000000E+00     0.00000000   
     0.00000000E+00     0.00000000    -0.36196640E+00     0.00000000     0.00000000E+00     0.00000000   
     0.00000000E+00     0.00000000     0.00000000E+00     0.00000000    -0.28784984E+00     0.00000000   
           5           7
    -0.67744399E-02     0.00000000     0.00000000E+00     0.00000000     0.00000000E+00     0.00000000   
     0.00000000E+00     0.00000000    -0.67744399E-02     0.00000000     0.00000000E+00     0.00000000   
     0.00000000E+00     0.00000000     0.00000000E+00     0.00000000    -0.68540379E-01     0.00000000   
           5           8
     0.31442000E-02     0.00000000     0.00000000E+00     0.00000000     0.00000000E+00     0.00000000   
     0.00000000E+00     0.00000000     0.31442000E-02     0.00000000     0.00000000E+00     0.00000000   
     0.00000000E+00     0.00000000     0.00000000E+00     0.00000000     0.42826999E-02     0.00000000   
           5           9
     0.93805999E-03     0.00000000     0.00000000E+00     0.00000000     0.00000000E+00     0.00000000   
     0.00000000E+00     0.00000000     0.93805999E-03     0.00000000     0.00000000E+00     0.00000000   
     0.00000000E+00     0.00000000     0.00000000E+00     0.00000000    -0.17432811E-01     0.00000000   
           5          10
    -0.83229999E-04     0.00000000     0.00000000E+00     0.00000000     0.00000000E+00     0.00000000   
     0.00000000E+00     0.00000000    -0.83229999E-04     0.00000000     0.00000000E+00     0.00000000   
     0.00000000E+00     0.00000000     0.00000000E+00     0.00000000     0.17160660E-01     0.00000000   
           5          11
     0.62170002E-04     0.00000000     0.00000000E+00     0.00000000     0.00000000E+00     0.00000000   
     0.00000000E+00     0.00000000     0.62170002E-04     0.00000000     0.00000000E+00     0.00000000   
     0.00000000E+00     0.00000000     0.00000000E+00     0.00000000    -0.17061010E-01     0.00000000   
           5          12
     0.25080000E-04     0.00000000     0.00000000E+00     0.00000000     0.00000000E+00     0.00000000   
     0.00000000E+00     0.00000000     0.25080000E-04     0.00000000     0.00000000E+00     0.00000000   
     0.00000000E+00     0.00000000     0.00000000E+00     0.00000000     0.16754230E-01     0.00000000   
           6           1
     0.97200000E-05     0.00000000     0.00000000E+00     0.00000000     0.00000000E+00     0.00000000   
     0.00000000E+00     0.00000000     0.97200000E-05     0.00000000     0.00000000E+00     0.00000000   
     0.00000000E+00     0.00000000     0.00000000E+00     0.00000000     0.17810760E-01     0.00000000   
           6           2
    -0.89153001E-03     0.00000000     0.00000000E+00     0.00000000     0.00000000E+00     0.00000000   
     0.00000000E+00     0.00000000    -0.89153001E-03     0.00000000     0.00000000E+00     0.00000000   
     0.00000000E+00     0.00000000     0.00000000E+00     0.00000000    -0.16937310E-01     0.00000000   
           6           3
     0.29587001E-02     0.00000000     0.00000000E+00     0.00000000     0.00000000E+00     0.00000000   
     0.00000000E+00     0.00000000     0.29587001E-02     0.00000000     0.00000000E+00     0.00000000   
     0.00000000E+00     0.00000000     0.00000000E+00     0.00000000     0.38206701E-02     0.00000000   
           6           4
    -0.41240100E-02     0.00000000     0.00000000E+00     0.00000000     0.00000000E+00     0.00000000   
     0.00000000E+00     0.00000000    -0.41240100E-02     0.00000000     0.00000000E+00     0.00000000   
     0.00000000E+00     0.00000000     0.00000000E+00     0.00000000    -0.27520480E-01     0.00000000   
           6           5
    -0.36196643E+00     0.00000000     0.00000000E+00     0.00000000     0.00000000E+00     0.00000000   
     0.00000000E+00     0.00000000    -0.36196640E+00     0.00000000     0.00000000E+00     0.00000000   
     0.00000000E+00     0.00000000     0.00000000E+00     0.00000000    -0.28784984E+00     0.00000000   
           6           6
     0.41933876E+00     0.00000000     0.00000000E+00     0.00000000     0.00000000E+00     0.00000000   
     0.00000000E+00     0.00000000     0.41933873E+00     0.00000000     0.00000000E+00     0.00000000   
     0.00000000E+00     0.00000000     0.00000000E+00     0.00000000     0.60551095E+00     0.00000000   
           6           7
    -0.44147681E-01     0.00000000     0.00000000E+00     0.00000000     0.00000000E+00     0.00000000   
     0.00000000E+00     0.00000000    -0.44147681E-01     0.00000000     0.00000000E+00     0.00000000   
     0.00000000E+00     0.00000000     0.00000000E+00     0.00000000    -0.26895577E+00     0.00000000   
           6           8
    -0.61727399E-02     0.00000000     0.00000000E+00     0.00000000     0.00000000E+00     0.00000000   
     0.00000000E+00     0.00000000    -0.61727399E-02     0.00000000     0.00000000E+00     0.00000000   
     0.00000000E+00     0.00000000     0.00000000E+00     0.00000000    -0.28058451E-01     0.00000000   
           6           9
    -0.46499702E-02     0.00000000     0.00000000E+00     0.00000000     0.00000000E+00     0.00000000   
     0.00000000E+00     0.00000000    -0.46499702E-02     0.00000000     0.00000000E+00     0.00000000   
     0.00000000E+00     0.00000000     0.00000000E+00     0.00000000     0.19266840E-01     0.00000000   
           6          10
    -0.65530003E-04     0.00000000     0.00000000E+00     0.00000000     0.00000000E+00     0.00000000   
     0.00000000E+00     0.00000000    -0.65530003E-04     0.00000000     0.00000000E+00     0.00000000   
     0.00000000E+00     0.00000000     0.00000000E+00     0.00000000    -0.17572969E-01     0.00000000   
           6          11
    -0.53330001E-04     0.00000000     0.00000000E+00     0.00000000     0.00000000E+00     0.00000000   
     0.00000000E+00     0.00000000    -0.53330001E-04     0.00000000     0.00000000E+00     0.00000000   
     0.00000000E+00     0.00000000     0.00000000E+00     0.00000000     0.17189140E-01     0.00000000   
           6          12
    -0.10129000E-03     0.00000000     0.00000000E+00     0.00000000     0.00000000E+00     0.00000000   
     0.00000000E+00     0.00000000    -0.10129000E-03     0.00000000     0.00000000E+00     0.00000000   
     0.00000000E+00     0.00000000     0.00000000E+00     0.00000000    -0.16645361E-01     0.00000000   
           7           1
    -0.39949999E-04     0.00000000     0.00000000E+00     0.00000000     0.00000000E+00     0.00000000   
     0.00000000E+00     0.00000000    -0.39949999E-04     0.00000000     0.00000000E+00     0.00000000   
     0.00000000E+00     0.00000000     0.00000000E+00     0.00000000    -0.17996440E-01     0.00000000   
           7           2
    -0.65556000E-03     0.00000000     0.00000000E+00     0.00000000     0.00000000E+00     0.00000000   
     0.00000000E+00     0.00000000    -0.65556000E-03     0.00000000     0.00000000E+00     0.00000000   
     0.00000000E+00     0.00000000     0.00000000E+00     0.00000000     0.17040661E-01     0.00000000   
           7           3
     0.76859002E-03     0.00000000     0.00000000E+00     0.00000000     0.00000000E+00     0.00000000   
     0.00000000E+00     0.00000000     0.76859002E-03     0.00000000     0.00000000E+00     0.00000000   
     0.00000000E+00     0.00000000     0.00000000E+00     0.00000000    -0.17952420E-01     0.00000000   
           7           4
    -0.49247099E-02     0.00000000     0.00000000E+00     0.00000000     0.00000000E+00     0.00000000   
     0.00000000E+00     0.00000000    -0.49247099E-02     0.00000000     0.00000000E+00     0.00000000   
     0.00000000E+00     0.00000000     0.00000000E+00     0.00000000     0.19581420E-01     0.00000000   
           7           5
    -0.67744399E-02     0.00000000     0.00000000E+00     0.00000000     0.00000000E+00     0.00000000   
     0.00000000E+00     0.00000000    -0.67744399E-02     0.00000000     0.00000000E+00     0.00000000   
     0.00000000E+00     0.00000000     0.00000000E+00     0.00000000    -0.68540379E-01     0.00000000   
           7           6
    -0.44147681E-01     0.00000000     0.00000000E+00     0.00000000     0.00000000E+00     0.00000000   
     0.00000000E+00     0.00000000    -0.44147681E-01     0.00000000     0.00000000E+00     0.00000000   
     0.00000000E+00     0.00000000     0.00000000E+00     0.00000000    -0.26895577E+00     0.00000000   
           7           7
     0.42221904E+00     0.00000000     0.00000000E+00     0.00000000     0.00000000E+00     0.00000000   
     0.00000000E+00     0.00000000     0.42221904E+00     0.00000000     0.00000000E+00     0.00000000   
     0.00000000E+00     0.00000000     0.00000000E+00     0.00000000     0.68124282E+00     0.00000000   
           7           8
    -0.35933661E+00     0.00000000     0.00000000E+00     0.00000000     0.00000000E+00     0.00000000   
     0.00000000E+00     0.00000000    -0.35933661E+00     0.00000000     0.00000000E+00     0.00000000   
     0.00000000E+00     0.00000000     0.00000000E+00     0.00000000    -0.28346977E+00     0.00000000   
           7           9
    -0.65143402E-02     0.00000000     0.00000000E+00     0.00000000     0.00000000E+00     0.00000000   
     0.00000000E+00     0.00000000    -0.65143402E-02     0.00000000     0.00000000E+00     0.00000000   
     0.00000000E+00     0.00000000     0.00000000E+00     0.00000000    -0.62690109E-01     0.00000000   
           7          10
     0.82430000E-04     0.00000000     0.00000000E+00     0.00000000     0.00000000E+00     0.00000000   
     0.00000000E+00     0.00000000     0.82430000E-04     0.00000000     0.00000000E+00     0.00000000   
     0.00000000E+00     0.00000000     0.00000000E+00     0.00000000     0.40845000E-02     0.00000000   
           7          11
    -0.59096998E-03     0.00000000     0.00000000E+00     0.00000000     0.00000000E+00     0.00000000   
     0.00000000E+00     0.00000000    -0.59096998E-03     0.00000000     0.00000000E+00     0.00000000   
     0.00000000E+00     0.00000000     0.00000000E+00     0.00000000    -0.20141600E-01     0.00000000   
           7          12
     0.97499997E-05     0.00000000     0.00000000E+00     0.00000000     0.00000000E+00     0.00000000   
     0.00000000E+00     0.00000000     0.97499997E-05     0.00000000     0.00000000E+00     0.00000000   
     0.00000000E+00     0.00000000     0.00000000E+00     0.00000000     0.17810389E-01     0.00000000   
           8           1
    -0.18590001E-04     0.00000000     0.00000000E+00     0.00000000     0.00000000E+00     0.00000000   
     0.00000000E+00     0.00000000    -0.18590001E-04     0.00000000     0.00000000E+00     0.00000000   
     0.00000000E+00     0.00000000     0.00000000E+00     0.00000000     0.16885780E-01     0.00000000   
           8           2
    -0.96700001E-04     0.00000000     0.00000000E+00     0.00000000     0.00000000E+00     0.00000000   
     0.00000000E+00     0.00000000    -0.96700001E-04     0.00000000     0.00000000E+00     0.00000000   
     0.00000000E+00     0.00000000     0.00000000E+00     0.00000000    -0.15859490E-01     0.00000000   
           8           3
     0.65419998E-04     0.00000000     0.00000000E+00     0.00000000     0.00000000E+00     0.00000000   
     0.00000000E+00     0.00000000     0.65419998E-04     0.00000000     0.00000000E+00     0.00000000   
     0.00000000E+00     0.00000000     0.00000000E+00     0.00000000     0.15456860E-01     0.00000000   
           8           4
    -0.11217300E-02     0.00000000     0.00000000E+00     0.00000000     0.00000000E+00     0.00000000   
     0.00000000E+00     0.00000000    -0.11217300E-02     0.00000000     0.00000000E+00     0.00000000   
     0.00000000E+00     0.00000000     0.00000000E+00     0.00000000    -0.16948991E-01     0.00000000   
           8           5
     0.31442000E-02     0.00000000     0.00000000E+00     0.00000000     0.00000000E+00     0.00000000   
     0.00000000E+00     0.00000000     0.31442000E-02     0.00000000     0.00000000E+00     0.00000000   
     0.00000000E+00     0.00000000     0.00000000E+00     0.00000000     0.42826999E-02     0.00000000   
           8           6
    -0.61727399E-02     0.00000000     0.00000000E+00     0.00000000     0.00000000E+00     0.00000000   
     0.00000000E+00     0.00000000    -0.61727399E-02     0.00000000     0.00000000E+00     0.00000000   
     0.00000000E+00     0.00000000     0.00000000E+00     0.00000000    -0.28058451E-01     0.00000000   
           8           7
    -0.35933661E+00     0.00000000     0.00000000E+00     0.00000000     0.00000000E+00     0.00000000   
     0.00000000E+00     0.00000000    -0.35933661E+00     0.00000000     0.00000000E+00     0.00000000   
     0.00000000E+00     0.00000000     0.00000000E+00     0.00000000    -0.28346977E+00     0.00000000   
           8           8
     0.41312283E+00     0.00000000     0.00000000E+00     0.00000000     0.00000000E+00     0.00000000   
     0.00000000E+00     0.00000000     0.41312283E+00     0.00000000     0.00000000E+00     0.00000000   
     0.00000000E+00     0.00000000     0.00000000E+00     0.00000000     0.59824717E+00     0.00000000   
           8           9
    -0.43954842E-01     0.00000000     0.00000000E+00     0.00000000     0.00000000E+00     0.00000000   
     0.00000000E+00     0.00000000    -0.43954842E-01     0.00000000     0.00000000E+00     0.00000000   
     0.00000000E+00     0.00000000     0.00000000E+00     0.00000000    -0.26091501E+00     0.00000000   
           8          10
     0.51008002E-03     0.00000000     0.00000000E+00     0.00000000     0.00000000E+00     0.00000000   
     0.00000000E+00     0.00000000     0.51008002E-03     0.00000000     0.00000000E+00     0.00000000   
     0.00000000E+00     0.00000000     0.00000000E+00     0.00000000    -0.31336959E-01     0.00000000   
           8          11
    -0.43871198E-02     0.00000000     0.00000000E+00     0.00000000     0.00000000E+00     0.00000000   
     0.00000000E+00     0.00000000    -0.43871198E-02     0.00000000     0.00000000E+00     0.00000000   
     0.00000000E+00     0.00000000     0.00000000E+00     0.00000000     0.18476730E-01     0.00000000   
           8          12
    -0.89074997E-03     0.00000000     0.00000000E+00     0.00000000     0.00000000E+00     0.00000000   
     0.00000000E+00     0.00000000    -0.89074997E-03     0.00000000     0.00000000E+00     0.00000000   
     0.00000000E+00     0.00000000     0.00000000E+00     0.00000000    -0.16936140E-01     0.00000000   
           9           1
    -0.54400002E-05     0.00000000     0.00000000E+00     0.00000000     0.00000000E+00     0.00000000   
     0.00000000E+00     0.00000000    -0.54400002E-05     0.00000000     0.00000000E+00     0.00000000   
     0.00000000E+00     0.00000000     0.00000000E+00     0.00000000    -0.16246909E-01     0.00000000   
           9           2
    -0.94460003E-04     0.00000000     0.00000000E+00     0.00000000     0.00000000E+00     0.00000000   
     0.00000000E+00     0.00000000    -0.94460003E-04     0.00000000     0.00000000E+00     0.00000000   
     0.00000000E+00     0.00000000     0.00000000E+00     0.00000000     0.15272350E-01     0.00000000   
           9           3
     0.52709998E-04     0.00000000     0.00000000E+00     0.00000000     0.00000000E+00     0.00000000   
     0.00000000E+00     0.00000000     0.52709998E-04     0.00000000     0.00000000E+00     0.00000000   
     0.00000000E+00     0.00000000     0.00000000E+00     0.00000000    -0.14710650E-01     0.00000000   
           9           4
    -0.67225000E-03     0.00000000     0.00000000E+00     0.00000000     0.00000000E+00     0.00000000   
     0.00000000E+00     0.00000000    -0.67225000E-03     0.00000000     0.00000000E+00     0.00000000   
     0.00000000E+00     0.00000000     0.00000000E+00     0.00000000     0.15989620E-01     0.00000000   
           9           5
     0.93805999E-03     0.00000000     0.00000000E+00     0.00000000     0.00000000E+00     0.00000000   
     0.00000000E+00     0.00000000     0.93805999E-03     0.00000000     0.00000000E+00     0.00000000   
     0.00000000E+00     0.00000000     0.00000000E+00     0.00000000    -0.17432811E-01     0.00000000   
           9           6
    -0.46499702E-02     0.00000000     0.00000000E+00     0.00000000     0.00000000E+00     0.00000000   
     0.00000000E+00     0.00000000    -0.46499702E-02     0.00000000     0.00000000E+00     0.00000000   
     0.00000000E+00     0.00000000     0.00000000E+00     0.00000000     0.19266840E-01     0.00000000   
           9           7
    -0.65143402E-02     0.00000000     0.00000000E+00     0.00000000     0.00000000E+00     0.00000000   
     0.00000000E+00     0.00000000    -0.65143402E-02     0.00000000     0.00000000E+00     0.00000000   
     0.00000000E+00     0.00000000     0.00000000E+00     0.00000000    -0.62690109E-01     0.00000000   
           9           8
    -0.43954842E-01     0.00000000     0.00000000E+00     0.00000000     0.00000000E+00     0.00000000   
     0.00000000E+00     0.00000000    -0.43954842E-01     0.00000000     0.00000000E+00     0.00000000   
     0.00000000E+00     0.00000000     0.00000000E+00     0.00000000    -0.26091501E+00     0.00000000   
           9           9
     0.41796654E+00     0.00000000     0.00000000E+00     0.00000000     0.00000000E+00     0.00000000   
     0.00000000E+00     0.00000000     0.41796654E+00     0.00000000     0.00000000E+00     0.00000000   
     0.00000000E+00     0.00000000     0.00000000E+00     0.00000000     0.67231959E+00     0.00000000   
           9          10
    -0.36000699E+00     0.00000000     0.00000000E+00     0.00000000     0.00000000E+00     0.00000000   
     0.00000000E+00     0.00000000    -0.36000699E+00     0.00000000     0.00000000E+00     0.00000000   
     0.00000000E+00     0.00000000     0.00000000E+00     0.00000000    -0.28718603E+00     0.00000000   
           9          11
    -0.69006798E-02     0.00000000     0.00000000E+00     0.00000000     0.00000000E+00     0.00000000   
     0.00000000E+00     0.00000000    -0.69006798E-02     0.00000000     0.00000000E+00     0.00000000   
     0.00000000E+00     0.00000000     0.00000000E+00     0.00000000    -0.65986753E-01     0.00000000   
           9          12
     0.29571899E-02     0.00000000     0.00000000E+00     0.00000000     0.00000000E+00     0.00000000   
     0.00000000E+00     0.00000000     0.29571899E-02     0.00000000     0.00000000E+00     0.00000000   
     0.00000000E+00     0.00000000     0.00000000E+00     0.00000000     0.38222400E-02     0.00000000   
          10           1
     0.62999999E-06     0.00000000     0.00000000E+00     0.00000000     0.00000000E+00     0.00000000   
     0.00000000E+00     0.00000000     0.62999999E-06     0.00000000     0.00000000E+00     0.00000000   
     0.00000000E+00     0.00000000     0.00000000E+00     0.00000000     0.17514169E-01     0.00000000   
          10           2
    -0.11100000E-05     0.00000000     0.00000000E+00     0.00000000     0.00000000E+00     0.00000000   
     0.00000000E+00     0.00000000    -0.11100000E-05     0.00000000     0.00000000E+00     0.00000000   
     0.00000000E+00     0.00000000     0.00000000E+00     0.00000000    -0.16454199E-01     0.00000000   
          10           3
     0.10700001E-05     0.00000000     0.00000000E+00     0.00000000     0.00000000E+00     0.00000000   
     0.00000000E+00     0.00000000     0.10700001E-05     0.00000000     0.00000000E+00     0.00000000   
     0.00000000E+00     0.00000000     0.00000000E+00     0.00000000     0.15891191E-01     0.00000000   
          10           4
     0.29770001E-04     0.00000000     0.00000000E+00     0.00000000     0.00000000E+00     0.00000000   
     0.00000000E+00     0.00000000     0.29770001E-04     0.00000000     0.00000000E+00     0.00000000   
     0.00000000E+00     0.00000000     0.00000000E+00     0.00000000    -0.17157990E-01     0.00000000   
          10           5
    -0.83229999E-04     0.00000000     0.00000000E+00     0.00000000     0.00000000E+00     0.00000000   
     0.00000000E+00     0.00000000    -0.83229999E-04     0.00000000     0.00000000E+00     0.00000000   
     0.00000000E+00     0.00000000     0.00000000E+00     0.00000000     0.17160660E-01     0.00000000   
          10           6
    -0.65530003E-04     0.00000000     0.00000000E+00     0.00000000     0.00000000E+00     0.00000000   
     0.00000000E+00     0.00000000    -0.65530003E-04     0.00000000     0.00000000E+00     0.00000000   
     0.00000000E+00     0.00000000     0.00000000E+00     0.00000000    -0.17572969E-01     0.00000000   
          10           7
     0.82430000E-04     0.00000000     0.00000000E+00     0.00000000     0.00000000E+00     0.00000000   
     0.00000000E+00     0.00000000     0.82430000E-04     0.00000000     0.00000000E+00     0.00000000   
     0.00000000E+00     0.00000000     0.00000000E+00     0.00000000     0.40845000E-02     0.00000000   
          10           8
     0.51008002E-03     0.00000000     0.00000000E+00     0.00000000     0.00000000E+00     0.00000000   
     0.00000000E+00     0.00000000     0.51008002E-03     0.00000000     0.00000000E+00     0.00000000   
     0.00000000E+00     0.00000000     0.00000000E+00     0.00000000    -0.31336959E-01     0.00000000   
          10           9
    -0.36000699E+00     0.00000000     0.00000000E+00     0.00000000     0.00000000E+00     0.00000000   
     0.00000000E+00     0.00000000    -0.36000699E+00     0.00000000     0.00000000E+00     0.00000000   
     0.00000000E+00     0.00000000     0.00000000E+00     0.00000000    -0.28718603E+00     0.00000000   
          10          10
     0.41361919E+00     0.00000000     0.00000000E+00     0.00000000     0.00000000E+00     0.00000000   
     0.00000000E+00     0.00000000     0.41361919E+00     0.00000000     0.00000000E+00     0.00000000   
     0.00000000E+00     0.00000000     0.00000000E+00     0.00000000     0.60975546E+00     0.00000000   
          10          11
    -0.43223850E-01     0.00000000     0.00000000E+00     0.00000000     0.00000000E+00     0.00000000   
     0.00000000E+00     0.00000000    -0.43223850E-01     0.00000000     0.00000000E+00     0.00000000   
     0.00000000E+00     0.00000000     0.00000000E+00     0.00000000    -0.26886591E+00     0.00000000   
          10          12
    -0.41172998E-02     0.00000000     0.00000000E+00     0.00000000     0.00000000E+00     0.00000000   
     0.00000000E+00     0.00000000    -0.41172998E-02     0.00000000     0.00000000E+00     0.00000000   
     0.00000000E+00     0.00000000     0.00000000E+00     0.00000000    -0.27506530E-01     0.00000000   
          11           1
    -0.48999999E-06     0.00000000     0.00000000E+00     0.00000000     0.00000000E+00     0.00000000   
     0.00000000E+00     0.00000000    -0.48999999E-06     0.00000000     0.00000000E+00     0.00000000   
     0.00000000E+00     0.00000000     0.00000000E+00     0.00000000    -0.17402420E-01     0.00000000   
          11           2
    -0.39500001E-05     0.00000000     0.00000000E+00     0.00000000     0.00000000E+00     0.00000000   
     0.00000000E+00     0.00000000    -0.39500001E-05     0.00000000     0.00000000E+00     0.00000000   
     0.00000000E+00     0.00000000     0.00000000E+00     0.00000000     0.16347770E-01     0.00000000   
          11           3
    -0.15000001E-05     0.00000000     0.00000000E+00     0.00000000     0.00000000E+00     0.00000000   
     0.00000000E+00     0.00000000    -0.15000001E-05     0.00000000     0.00000000E+00     0.00000000   
     0.00000000E+00     0.00000000     0.00000000E+00     0.00000000    -0.15780561E-01     0.00000000   
          11           4
    -0.29060000E-04     0.00000000     0.00000000E+00     0.00000000     0.00000000E+00     0.00000000   
     0.00000000E+00     0.00000000    -0.29060000E-04     0.00000000     0.00000000E+00     0.00000000   
     0.00000000E+00     0.00000000     0.00000000E+00     0.00000000     0.17034570E-01     0.00000000   
          11           5
     0.62170002E-04     0.00000000     0.00000000E+00     0.00000000     0.00000000E+00     0.00000000   
     0.00000000E+00     0.00000000     0.62170002E-04     0.00000000     0.00000000E+00     0.00000000   
     0.00000000E+00     0.00000000     0.00000000E+00     0.00000000    -0.17061010E-01     0.00000000   
          11           6
    -0.53330001E-04     0.00000000     0.00000000E+00     0.00000000     0.00000000E+00     0.00000000   
     0.00000000E+00     0.00000000    -0.53330001E-04     0.00000000     0.00000000E+00     0.00000000   
     0.00000000E+00     0.00000000     0.00000000E+00     0.00000000     0.17189140E-01     0.00000000   
          11           7
    -0.59096998E-03     0.00000000     0.00000000E+00     0.00000000     0.00000000E+00     0.00000000   
     0.00000000E+00     0.00000000    -0.59096998E-03     0.00000000     0.00000000E+00     0.00000000   
     0.00000000E+00     0.00000000     0.00000000E+00     0.00000000    -0.20141600E-01     0.00000000   
          11           8
    -0.43871198E-02     0.00000000     0.00000000E+00     0.00000000     0.00000000E+00     0.00000000   
     0.00000000E+00     0.00000000    -0.43871198E-02     0.00000000     0.00000000E+00     0.00000000   
     0.00000000E+00     0.00000000     0.00000000E+00     0.00000000     0.18476730E-01     0.00000000   
          11           9
    -0.69006798E-02     0.00000000     0.00000000E+00     0.00000000     0.00000000E+00     0.00000000   
     0.00000000E+00     0.00000000    -0.69006798E-02     0.00000000     0.00000000E+00     0.00000000   
     0.00000000E+00     0.00000000     0.00000000E+00     0.00000000    -0.65986753E-01     0.00000000   
          11          10
    -0.43223850E-01     0.00000000     0.00000000E+00     0.00000000     0.00000000E+00     0.00000000   
     0.00000000E+00     0.00000000    -0.43223850E-01     0.00000000     0.00000000E+00     0.00000000   
     0.00000000E+00     0.00000000     0.00000000E+00     0.00000000    -0.26886591E+00     0.00000000   
          11          11
     0.41970003E+00     0.00000000     0.00000000E+00     0.00000000     0.00000000E+00     0.00000000   
     0.00000000E+00     0.00000000     0.41970000E+00     0.00000000     0.00000000E+00     0.00000000   
     0.00000000E+00     0.00000000     0.00000000E+00     0.00000000     0.68887514E+00     0.00000000   
          11          12
    -0.36190075E+00     0.00000000     0.00000000E+00     0.00000000     0.00000000E+00     0.00000000   
     0.00000000E+00     0.00000000    -0.36190072E+00     0.00000000     0.00000000E+00     0.00000000   
     0.00000000E+00     0.00000000     0.00000000E+00     0.00000000    -0.28786340E+00     0.00000000   
          12           1
     0.11000000E-06     0.00000000     0.00000000E+00     0.00000000     0.00000000E+00     0.00000000   
     0.00000000E+00     0.00000000     0.11000000E-06     0.00000000     0.00000000E+00     0.00000000   
     0.00000000E+00     0.00000000     0.00000000E+00     0.00000000     0.17210860E-01     0.00000000   
          12           2
    -0.35300000E-05     0.00000000     0.00000000E+00     0.00000000     0.00000000E+00     0.00000000   
     0.00000000E+00     0.00000000    -0.35300000E-05     0.00000000     0.00000000E+00     0.00000000   
     0.00000000E+00     0.00000000     0.00000000E+00     0.00000000    -0.16164711E-01     0.00000000   
          12           3
     0.17999999E-05     0.00000000     0.00000000E+00     0.00000000     0.00000000E+00     0.00000000   
     0.00000000E+00     0.00000000     0.17999999E-05     0.00000000     0.00000000E+00     0.00000000   
     0.00000000E+00     0.00000000     0.00000000E+00     0.00000000     0.15593220E-01     0.00000000   
          12           4
    -0.14390000E-04     0.00000000     0.00000000E+00     0.00000000     0.00000000E+00     0.00000000   
     0.00000000E+00     0.00000000    -0.14390000E-04     0.00000000     0.00000000E+00     0.00000000   
     0.00000000E+00     0.00000000     0.00000000E+00     0.00000000    -0.16826030E-01     0.00000000   
          12           5
     0.25080000E-04     0.00000000     0.00000000E+00     0.00000000     0.00000000E+00     0.00000000   
     0.00000000E+00     0.00000000     0.25080000E-04     0.00000000     0.00000000E+00     0.00000000   
     0.00000000E+00     0.00000000     0.00000000E+00     0.00000000     0.16754230E-01     0.00000000   
          12           6
    -0.10129000E-03     0.00000000     0.00000000E+00     0.00000000     0.00000000E+00     0.00000000   
     0.00000000E+00     0.00000000    -0.10129000E-03     0.00000000     0.00000000E+00     0.00000000   
     0.00000000E+00     0.00000000     0.00000000E+00     0.00000000    -0.16645361E-01     0.00000000   
          12           7
     0.97499997E-05     0.00000000     0.00000000E+00     0.00000000     0.00000000E+00     0.00000000   
     0.00000000E+00     0.00000000     0.97499997E-05     0.00000000     0.00000000E+00     0.00000000   
     0.00000000E+00     0.00000000     0.00000000E+00     0.00000000     0.17810389E-01     0.00000000   
          12           8
    -0.89074997E-03     0.00000000     0.00000000E+00     0.00000000     0.00000000E+00     0.00000000   
     0.00000000E+00     0.00000000    -0.89074997E-03     0.00000000     0.00000000E+00     0.00000000   
     0.00000000E+00     0.00000000     0.00000000E+00     0.00000000    -0.16936140E-01     0.00000000   
          12           9
     0.29571899E-02     0.00000000     0.00000000E+00     0.00000000     0.00000000E+00     0.00000000   
     0.00000000E+00     0.00000000     0.29571899E-02     0.00000000     0.00000000E+00     0.00000000   
     0.00000000E+00     0.00000000     0.00000000E+00     0.00000000     0.38222400E-02     0.00000000   
          12          10
    -0.41172998E-02     0.00000000     0.00000000E+00     0.00000000     0.00000000E+00     0.00000000   
     0.00000000E+00     0.00000000    -0.41172998E-02     0.00000000     0.00000000E+00     0.00000000   
     0.00000000E+00     0.00000000     0.00000000E+00     0.00000000    -0.27506530E-01     0.00000000   
          12          11
    -0.36190075E+00     0.00000000     0.00000000E+00     0.00000000     0.00000000E+00     0.00000000   
     0.00000000E+00     0.00000000    -0.36190072E+00     0.00000000     0.00000000E+00     0.00000000   
     0.00000000E+00     0.00000000     0.00000000E+00     0.00000000    -0.28786340E+00     0.00000000   
          12          12
     0.41927221E+00     0.00000000     0.00000000E+00     0.00000000     0.00000000E+00     0.00000000   
     0.00000000E+00     0.00000000     0.41927221E+00     0.00000000     0.00000000E+00     0.00000000   
     0.00000000E+00     0.00000000     0.00000000E+00     0.00000000     0.60529190E+00     0.00000000   
