           1           1
     0.41797540E+00     0.00000000     0.00000000E+00     0.00000000     0.00000000E+00     0.00000000   
     0.00000000E+00     0.00000000     0.41797540E+00     0.00000000     0.00000000E+00     0.00000000   
     0.00000000E+00     0.00000000     0.00000000E+00     0.00000000     0.67227572E+00     0.00000000   
           1           2
    -0.36001557E+00     0.00000000     0.00000000E+00     0.00000000     0.00000000E+00     0.00000000   
     0.00000000E+00     0.00000000    -0.36001557E+00     0.00000000     0.00000000E+00     0.00000000   
     0.00000000E+00     0.00000000     0.00000000E+00     0.00000000    -0.28718787E+00     0.00000000   
           1           3
    -0.69044498E-02     0.00000000     0.00000000E+00     0.00000000     0.00000000E+00     0.00000000   
     0.00000000E+00     0.00000000    -0.69044498E-02     0.00000000     0.00000000E+00     0.00000000   
     0.00000000E+00     0.00000000     0.00000000E+00     0.00000000    -0.65993853E-01     0.00000000   
           1           4
     0.29587599E-02     0.00000000     0.00000000E+00     0.00000000     0.00000000E+00     0.00000000   
     0.00000000E+00     0.00000000     0.29587599E-02     0.00000000     0.00000000E+00     0.00000000   
     0.00000000E+00     0.00000000     0.00000000E+00     0.00000000     0.38208300E-02     0.00000000   
           1           5
     0.76859997E-03     0.00000000     0.00000000E+00     0.00000000     0.00000000E+00     0.00000000   
     0.00000000E+00     0.00000000     0.76859997E-03     0.00000000     0.00000000E+00     0.00000000   
     0.00000000E+00     0.00000000     0.00000000E+00     0.00000000    -0.17952001E-01     0.00000000   
           1           6
     0.65419998E-04     0.00000000     0.00000000E+00     0.00000000     0.00000000E+00     0.00000000   
     0.00000000E+00     0.00000000     0.65419998E-04     0.00000000     0.00000000E+00     0.00000000   
     0.00000000E+00     0.00000000     0.00000000E+00     0.00000000     0.15456790E-01     0.00000000   
           1           7
     0.52709998E-04     0.00000000     0.00000000E+00     0.00000000     0.00000000E+00     0.00000000   
     0.00000000E+00     0.00000000     0.52709998E-04     0.00000000     0.00000000E+00     0.00000000   
     0.00000000E+00     0.00000000     0.00000000E+00     0.00000000    -0.14710370E-01     0.00000000   
           1           8
     0.10700001E-05     0.00000000     0.00000000E+00     0.00000000     0.00000000E+00     0.00000000   
     0.00000000E+00     0.00000000     0.10700001E-05     0.00000000     0.00000000E+00     0.00000000   
     0.00000000E+00     0.00000000     0.00000000E+00     0.00000000     0.15891001E-01     0.00000000   
           1           9
    -0.15000001E-05     0.00000000     0.00000000E+00     0.00000000     0.00000000E+00     0.00000000   
     0.00000000E+00     0.00000000    -0.15000001E-05     0.00000000     0.00000000E+00     0.00000000   
     0.00000000E+00     0.00000000     0.00000000E+00     0.00000000    -0.15780389E-01     0.00000000   
           1          10
     0.17999999E-05     0.00000000     0.00000000E+00     0.00000000     0.00000000E+00     0.00000000   
     0.00000000E+00     0.00000000     0.17999999E-05     0.00000000     0.00000000E+00     0.00000000   
     0.00000000E+00     0.00000000     0.00000000E+00     0.00000000     0.15592930E-01     0.00000000   
           1          11
     0.89000002E-06     0.00000000     0.00000000E+00     0.00000000     0.00000000E+00     0.00000000   
     0.00000000E+00     0.00000000     0.89000002E-06     0.00000000     0.00000000E+00     0.00000000   
     0.00000000E+00     0.00000000     0.00000000E+00     0.00000000    -0.16245000E-01     0.00000000   
           1          12
    -0.23000000E-06     0.00000000     0.00000000E+00     0.00000000     0.00000000E+00     0.00000000   
     0.00000000E+00     0.00000000    -0.23000000E-06     0.00000000     0.00000000E+00     0.00000000   
     0.00000000E+00     0.00000000     0.00000000E+00     0.00000000     0.15255760E-01     0.00000000   
           2           1
    -0.36001557E+00     0.00000000     0.00000000E+00     0.00000000     0.00000000E+00     0.00000000   
     0.00000000E+00     0.00000000    -0.36001557E+00     0.00000000     0.00000000E+00     0.00000000   
     0.00000000E+00     0.00000000     0.00000000E+00     0.00000000    -0.28718787E+00     0.00000000   
           2           2
     0.41362807E+00     0.00000000     0.00000000E+00     0.00000000     0.00000000E+00     0.00000000   
     0.00000000E+00     0.00000000     0.41362807E+00     0.00000000     0.00000000E+00     0.00000000   
     0.00000000E+00     0.00000000     0.00000000E+00     0.00000000     0.60992253E+00     0.00000000   
           2           3
    -0.43213371E-01     0.00000000     0.00000000E+00     0.00000000     0.00000000E+00     0.00000000   
     0.00000000E+00     0.00000000    -0.43213371E-01     0.00000000     0.00000000E+00     0.00000000   
     0.00000000E+00     0.00000000     0.00000000E+00     0.00000000    -0.26901957E+00     0.00000000   
           2           4
    -0.41238298E-02     0.00000000     0.00000000E+00     0.00000000     0.00000000E+00     0.00000000   
     0.00000000E+00     0.00000000    -0.41238298E-02     0.00000000     0.00000000E+00     0.00000000   
     0.00000000E+00     0.00000000     0.00000000E+00     0.00000000    -0.27520729E-01     0.00000000   
           2           5
    -0.49247602E-02     0.00000000     0.00000000E+00     0.00000000     0.00000000E+00     0.00000000   
     0.00000000E+00     0.00000000    -0.49247602E-02     0.00000000     0.00000000E+00     0.00000000   
     0.00000000E+00     0.00000000     0.00000000E+00     0.00000000     0.19581480E-01     0.00000000   
           2           6
    -0.11217600E-02     0.00000000     0.00000000E+00     0.00000000     0.00000000E+00     0.00000000   
     0.00000000E+00     0.00000000    -0.11217600E-02     0.00000000     0.00000000E+00     0.00000000   
     0.00000000E+00     0.00000000     0.00000000E+00     0.00000000    -0.16949341E-01     0.00000000   
           2           7
    -0.67226001E-03     0.00000000     0.00000000E+00     0.00000000     0.00000000E+00     0.00000000   
     0.00000000E+00     0.00000000    -0.67226001E-03     0.00000000     0.00000000E+00     0.00000000   
     0.00000000E+00     0.00000000     0.00000000E+00     0.00000000     0.15989721E-01     0.00000000   
           2           8
     0.29770001E-04     0.00000000     0.00000000E+00     0.00000000     0.00000000E+00     0.00000000   
     0.00000000E+00     0.00000000     0.29770001E-04     0.00000000     0.00000000E+00     0.00000000   
     0.00000000E+00     0.00000000     0.00000000E+00     0.00000000    -0.17158231E-01     0.00000000   
           2           9
    -0.29060000E-04     0.00000000     0.00000000E+00     0.00000000     0.00000000E+00     0.00000000   
     0.00000000E+00     0.00000000    -0.29060000E-04     0.00000000     0.00000000E+00     0.00000000   
     0.00000000E+00     0.00000000     0.00000000E+00     0.00000000     0.17034810E-01     0.00000000   
           2          10
    -0.14390000E-04     0.00000000     0.00000000E+00     0.00000000     0.00000000E+00     0.00000000   
     0.00000000E+00     0.00000000    -0.14390000E-04     0.00000000     0.00000000E+00     0.00000000   
     0.00000000E+00     0.00000000     0.00000000E+00     0.00000000    -0.16826160E-01     0.00000000   
           2          11
    -0.10230000E-04     0.00000000     0.00000000E+00     0.00000000     0.00000000E+00     0.00000000   
     0.00000000E+00     0.00000000    -0.10230000E-04     0.00000000     0.00000000E+00     0.00000000   
     0.00000000E+00     0.00000000     0.00000000E+00     0.00000000     0.17525479E-01     0.00000000   
           2          12
    -0.20000000E-05     0.00000000     0.00000000E+00     0.00000000     0.00000000E+00     0.00000000   
     0.00000000E+00     0.00000000    -0.20000000E-05     0.00000000     0.00000000E+00     0.00000000   
     0.00000000E+00     0.00000000     0.00000000E+00     0.00000000    -0.16456990E-01     0.00000000   
           3           1
    -0.69044498E-02     0.00000000     0.00000000E+00     0.00000000     0.00000000E+00     0.00000000   
     0.00000000E+00     0.00000000    -0.69044498E-02     0.00000000     0.00000000E+00     0.00000000   
     0.00000000E+00     0.00000000     0.00000000E+00     0.00000000    -0.65993853E-01     0.00000000   
           3           2
    -0.43213371E-01     0.00000000     0.00000000E+00     0.00000000     0.00000000E+00     0.00000000   
     0.00000000E+00     0.00000000    -0.43213371E-01     0.00000000     0.00000000E+00     0.00000000   
     0.00000000E+00     0.00000000     0.00000000E+00     0.00000000    -0.26901957E+00     0.00000000   
           3           3
     0.41975966E+00     0.00000000     0.00000000E+00     0.00000000     0.00000000E+00     0.00000000   
     0.00000000E+00     0.00000000     0.41975966E+00     0.00000000     0.00000000E+00     0.00000000   
     0.00000000E+00     0.00000000     0.00000000E+00     0.00000000     0.68904305E+00     0.00000000   
           3           4
    -0.36196554E+00     0.00000000     0.00000000E+00     0.00000000     0.00000000E+00     0.00000000   
     0.00000000E+00     0.00000000    -0.36196554E+00     0.00000000     0.00000000E+00     0.00000000   
     0.00000000E+00     0.00000000     0.00000000E+00     0.00000000    -0.28785262E+00     0.00000000   
           3           5
    -0.67743598E-02     0.00000000     0.00000000E+00     0.00000000     0.00000000E+00     0.00000000   
     0.00000000E+00     0.00000000    -0.67743598E-02     0.00000000     0.00000000E+00     0.00000000   
     0.00000000E+00     0.00000000     0.00000000E+00     0.00000000    -0.68539850E-01     0.00000000   
           3           6
     0.31442400E-02     0.00000000     0.00000000E+00     0.00000000     0.00000000E+00     0.00000000   
     0.00000000E+00     0.00000000     0.31442400E-02     0.00000000     0.00000000E+00     0.00000000   
     0.00000000E+00     0.00000000     0.00000000E+00     0.00000000     0.42828401E-02     0.00000000   
           3           7
     0.93807001E-03     0.00000000     0.00000000E+00     0.00000000     0.00000000E+00     0.00000000   
     0.00000000E+00     0.00000000     0.93807001E-03     0.00000000     0.00000000E+00     0.00000000   
     0.00000000E+00     0.00000000     0.00000000E+00     0.00000000    -0.17432559E-01     0.00000000   
           3           8
    -0.83229999E-04     0.00000000     0.00000000E+00     0.00000000     0.00000000E+00     0.00000000   
     0.00000000E+00     0.00000000    -0.83229999E-04     0.00000000     0.00000000E+00     0.00000000   
     0.00000000E+00     0.00000000     0.00000000E+00     0.00000000     0.17160559E-01     0.00000000   
           3           9
     0.62170002E-04     0.00000000     0.00000000E+00     0.00000000     0.00000000E+00     0.00000000   
     0.00000000E+00     0.00000000     0.62170002E-04     0.00000000     0.00000000E+00     0.00000000   
     0.00000000E+00     0.00000000     0.00000000E+00     0.00000000    -0.17060880E-01     0.00000000   
           3          10
     0.25080000E-04     0.00000000     0.00000000E+00     0.00000000     0.00000000E+00     0.00000000   
     0.00000000E+00     0.00000000     0.25080000E-04     0.00000000     0.00000000E+00     0.00000000   
     0.00000000E+00     0.00000000     0.00000000E+00     0.00000000     0.16754000E-01     0.00000000   
           3          11
     0.12800000E-04     0.00000000     0.00000000E+00     0.00000000     0.00000000E+00     0.00000000   
     0.00000000E+00     0.00000000     0.12800000E-04     0.00000000     0.00000000E+00     0.00000000   
     0.00000000E+00     0.00000000     0.00000000E+00     0.00000000    -0.17407941E-01     0.00000000   
           3          12
     0.11500000E-05     0.00000000     0.00000000E+00     0.00000000     0.00000000E+00     0.00000000   
     0.00000000E+00     0.00000000     0.11500000E-05     0.00000000     0.00000000E+00     0.00000000   
     0.00000000E+00     0.00000000     0.00000000E+00     0.00000000     0.16343709E-01     0.00000000   
           4           1
     0.29587599E-02     0.00000000     0.00000000E+00     0.00000000     0.00000000E+00     0.00000000   
     0.00000000E+00     0.00000000     0.29587599E-02     0.00000000     0.00000000E+00     0.00000000   
     0.00000000E+00     0.00000000     0.00000000E+00     0.00000000     0.38208300E-02     0.00000000   
           4           2
    -0.41238298E-02     0.00000000     0.00000000E+00     0.00000000     0.00000000E+00     0.00000000   
     0.00000000E+00     0.00000000    -0.41238298E-02     0.00000000     0.00000000E+00     0.00000000   
     0.00000000E+00     0.00000000     0.00000000E+00     0.00000000    -0.27520729E-01     0.00000000   
           4           3
    -0.36196554E+00     0.00000000     0.00000000E+00     0.00000000     0.00000000E+00     0.00000000   
     0.00000000E+00     0.00000000    -0.36196554E+00     0.00000000     0.00000000E+00     0.00000000   
     0.00000000E+00     0.00000000     0.00000000E+00     0.00000000    -0.28785262E+00     0.00000000   
           4           4
     0.41933864E+00     0.00000000     0.00000000E+00     0.00000000     0.00000000E+00     0.00000000   
     0.00000000E+00     0.00000000     0.41933864E+00     0.00000000     0.00000000E+00     0.00000000   
     0.00000000E+00     0.00000000     0.00000000E+00     0.00000000     0.60551250E+00     0.00000000   
           4           5
    -0.44148769E-01     0.00000000     0.00000000E+00     0.00000000     0.00000000E+00     0.00000000   
     0.00000000E+00     0.00000000    -0.44148769E-01     0.00000000     0.00000000E+00     0.00000000   
     0.00000000E+00     0.00000000     0.00000000E+00     0.00000000    -0.26895466E+00     0.00000000   
           4           6
    -0.61726202E-02     0.00000000     0.00000000E+00     0.00000000     0.00000000E+00     0.00000000   
     0.00000000E+00     0.00000000    -0.61726202E-02     0.00000000     0.00000000E+00     0.00000000   
     0.00000000E+00     0.00000000     0.00000000E+00     0.00000000    -0.28058629E-01     0.00000000   
           4           7
    -0.46499898E-02     0.00000000     0.00000000E+00     0.00000000     0.00000000E+00     0.00000000   
     0.00000000E+00     0.00000000    -0.46499898E-02     0.00000000     0.00000000E+00     0.00000000   
     0.00000000E+00     0.00000000     0.00000000E+00     0.00000000     0.19266911E-01     0.00000000   
           4           8
    -0.65530003E-04     0.00000000     0.00000000E+00     0.00000000     0.00000000E+00     0.00000000   
     0.00000000E+00     0.00000000    -0.65530003E-04     0.00000000     0.00000000E+00     0.00000000   
     0.00000000E+00     0.00000000     0.00000000E+00     0.00000000    -0.17573159E-01     0.00000000   
           4           9
    -0.53330001E-04     0.00000000     0.00000000E+00     0.00000000     0.00000000E+00     0.00000000   
     0.00000000E+00     0.00000000    -0.53330001E-04     0.00000000     0.00000000E+00     0.00000000   
     0.00000000E+00     0.00000000     0.00000000E+00     0.00000000     0.17189311E-01     0.00000000   
           4          10
    -0.10129000E-03     0.00000000     0.00000000E+00     0.00000000     0.00000000E+00     0.00000000   
     0.00000000E+00     0.00000000    -0.10129000E-03     0.00000000     0.00000000E+00     0.00000000   
     0.00000000E+00     0.00000000     0.00000000E+00     0.00000000    -0.16645441E-01     0.00000000   
           4          11
    -0.33119999E-04     0.00000000     0.00000000E+00     0.00000000     0.00000000E+00     0.00000000   
     0.00000000E+00     0.00000000    -0.33119999E-04     0.00000000     0.00000000E+00     0.00000000   
     0.00000000E+00     0.00000000     0.00000000E+00     0.00000000     0.17240159E-01     0.00000000   
           4          12
    -0.44399999E-05     0.00000000     0.00000000E+00     0.00000000     0.00000000E+00     0.00000000   
     0.00000000E+00     0.00000000    -0.44399999E-05     0.00000000     0.00000000E+00     0.00000000   
     0.00000000E+00     0.00000000     0.00000000E+00     0.00000000    -0.16172949E-01     0.00000000   
           5           1
     0.76859997E-03     0.00000000     0.00000000E+00     0.00000000     0.00000000E+00     0.00000000   
     0.00000000E+00     0.00000000     0.76859997E-03     0.00000000     0.00000000E+00     0.00000000   
     0.00000000E+00     0.00000000     0.00000000E+00     0.00000000    -0.17952001E-01     0.00000000   
           5           2
    -0.49247602E-02     0.00000000     0.00000000E+00     0.00000000     0.00000000E+00     0.00000000   
     0.00000000E+00     0.00000000    -0.49247602E-02     0.00000000     0.00000000E+00     0.00000000   
     0.00000000E+00     0.00000000     0.00000000E+00     0.00000000     0.19581480E-01     0.00000000   
           5           3
    -0.67743598E-02     0.00000000     0.00000000E+00     0.00000000     0.00000000E+00     0.00000000   
     0.00000000E+00     0.00000000    -0.67743598E-02     0.00000000     0.00000000E+00     0.00000000   
     0.00000000E+00     0.00000000     0.00000000E+00     0.00000000    -0.68539850E-01     0.00000000   
           5           4
    -0.44148769E-01     0.00000000     0.00000000E+00     0.00000000     0.00000000E+00     0.00000000   
     0.00000000E+00     0.00000000    -0.44148769E-01     0.00000000     0.00000000E+00     0.00000000   
     0.00000000E+00     0.00000000     0.00000000E+00     0.00000000    -0.26895466E+00     0.00000000   
           5           5
     0.42221954E+00     0.00000000     0.00000000E+00     0.00000000     0.00000000E+00     0.00000000   
     0.00000000E+00     0.00000000     0.42221954E+00     0.00000000     0.00000000E+00     0.00000000   
     0.00000000E+00     0.00000000     0.00000000E+00     0.00000000     0.68124264E+00     0.00000000   
           5           6
    -0.35933608E+00     0.00000000     0.00000000E+00     0.00000000     0.00000000E+00     0.00000000   
     0.00000000E+00     0.00000000    -0.35933608E+00     0.00000000     0.00000000E+00     0.00000000   
     0.00000000E+00     0.00000000     0.00000000E+00     0.00000000    -0.28347135E+00     0.00000000   
           5           7
    -0.65143099E-02     0.00000000     0.00000000E+00     0.00000000     0.00000000E+00     0.00000000   
     0.00000000E+00     0.00000000    -0.65143099E-02     0.00000000     0.00000000E+00     0.00000000   
     0.00000000E+00     0.00000000     0.00000000E+00     0.00000000    -0.62689878E-01     0.00000000   
           5           8
     0.82430000E-04     0.00000000     0.00000000E+00     0.00000000     0.00000000E+00     0.00000000   
     0.00000000E+00     0.00000000     0.82430000E-04     0.00000000     0.00000000E+00     0.00000000   
     0.00000000E+00     0.00000000     0.00000000E+00     0.00000000     0.40845801E-02     0.00000000   
           5           9
    -0.59096998E-03     0.00000000     0.00000000E+00     0.00000000     0.00000000E+00     0.00000000   
     0.00000000E+00     0.00000000    -0.59096998E-03     0.00000000     0.00000000E+00     0.00000000   
     0.00000000E+00     0.00000000     0.00000000E+00     0.00000000    -0.20141570E-01     0.00000000   
           5          10
     0.97499997E-05     0.00000000     0.00000000E+00     0.00000000     0.00000000E+00     0.00000000   
     0.00000000E+00     0.00000000     0.97499997E-05     0.00000000     0.00000000E+00     0.00000000   
     0.00000000E+00     0.00000000     0.00000000E+00     0.00000000     0.17810280E-01     0.00000000   
           5          11
    -0.39970000E-04     0.00000000     0.00000000E+00     0.00000000     0.00000000E+00     0.00000000   
     0.00000000E+00     0.00000000    -0.39970000E-04     0.00000000     0.00000000E+00     0.00000000   
     0.00000000E+00     0.00000000     0.00000000E+00     0.00000000    -0.17996181E-01     0.00000000   
           5          12
    -0.18580000E-04     0.00000000     0.00000000E+00     0.00000000     0.00000000E+00     0.00000000   
     0.00000000E+00     0.00000000    -0.18580000E-04     0.00000000     0.00000000E+00     0.00000000   
     0.00000000E+00     0.00000000     0.00000000E+00     0.00000000     0.16886510E-01     0.00000000   
           6           1
     0.65419998E-04     0.00000000     0.00000000E+00     0.00000000     0.00000000E+00     0.00000000   
     0.00000000E+00     0.00000000     0.65419998E-04     0.00000000     0.00000000E+00     0.00000000   
     0.00000000E+00     0.00000000     0.00000000E+00     0.00000000     0.15456790E-01     0.00000000   
           6           2
    -0.11217600E-02     0.00000000     0.00000000E+00     0.00000000     0.00000000E+00     0.00000000   
     0.00000000E+00     0.00000000    -0.11217600E-02     0.00000000     0.00000000E+00     0.00000000   
     0.00000000E+00     0.00000000     0.00000000E+00     0.00000000    -0.16949341E-01     0.00000000   
           6           3
     0.31442400E-02     0.00000000     0.00000000E+00     0.00000000     0.00000000E+00     0.00000000   
     0.00000000E+00     0.00000000     0.31442400E-02     0.00000000     0.00000000E+00     0.00000000   
     0.00000000E+00     0.00000000     0.00000000E+00     0.00000000     0.42828401E-02     0.00000000   
           6           4
    -0.61726202E-02     0.00000000     0.00000000E+00     0.00000000     0.00000000E+00     0.00000000   
     0.00000000E+00     0.00000000    -0.61726202E-02     0.00000000     0.00000000E+00     0.00000000   
     0.00000000E+00     0.00000000     0.00000000E+00     0.00000000    -0.28058629E-01     0.00000000   
           6           5
    -0.35933608E+00     0.00000000     0.00000000E+00     0.00000000     0.00000000E+00     0.00000000   
     0.00000000E+00     0.00000000    -0.35933608E+00     0.00000000     0.00000000E+00     0.00000000   
     0.00000000E+00     0.00000000     0.00000000E+00     0.00000000    -0.28347135E+00     0.00000000   
           6           6
     0.41312262E+00     0.00000000     0.00000000E+00     0.00000000     0.00000000E+00     0.00000000   
     0.00000000E+00     0.00000000     0.41312262E+00     0.00000000     0.00000000E+00     0.00000000   
     0.00000000E+00     0.00000000     0.00000000E+00     0.00000000     0.59824818E+00     0.00000000   
           6           7
    -0.43955348E-01     0.00000000     0.00000000E+00     0.00000000     0.00000000E+00     0.00000000   
     0.00000000E+00     0.00000000    -0.43955348E-01     0.00000000     0.00000000E+00     0.00000000   
     0.00000000E+00     0.00000000     0.00000000E+00     0.00000000    -0.26091456E+00     0.00000000   
           6           8
     0.51016000E-03     0.00000000     0.00000000E+00     0.00000000     0.00000000E+00     0.00000000   
     0.00000000E+00     0.00000000     0.51016000E-03     0.00000000     0.00000000E+00     0.00000000   
     0.00000000E+00     0.00000000     0.00000000E+00     0.00000000    -0.31337012E-01     0.00000000   
           6           9
    -0.43871300E-02     0.00000000     0.00000000E+00     0.00000000     0.00000000E+00     0.00000000   
     0.00000000E+00     0.00000000    -0.43871300E-02     0.00000000     0.00000000E+00     0.00000000   
     0.00000000E+00     0.00000000     0.00000000E+00     0.00000000     0.18476781E-01     0.00000000   
           6          10
    -0.89074002E-03     0.00000000     0.00000000E+00     0.00000000     0.00000000E+00     0.00000000   
     0.00000000E+00     0.00000000    -0.89074002E-03     0.00000000     0.00000000E+00     0.00000000   
     0.00000000E+00     0.00000000     0.00000000E+00     0.00000000    -0.16936120E-01     0.00000000   
           6          11
    -0.65549999E-03     0.00000000     0.00000000E+00     0.00000000     0.00000000E+00     0.00000000   
     0.00000000E+00     0.00000000    -0.65549999E-03     0.00000000     0.00000000E+00     0.00000000   
     0.00000000E+00     0.00000000     0.00000000E+00     0.00000000     0.17039960E-01     0.00000000   
           6          12
    -0.96620002E-04     0.00000000     0.00000000E+00     0.00000000     0.00000000E+00     0.00000000   
     0.00000000E+00     0.00000000    -0.96620002E-04     0.00000000     0.00000000E+00     0.00000000   
     0.00000000E+00     0.00000000     0.00000000E+00     0.00000000    -0.15859749E-01     0.00000000   
           7           1
     0.52709998E-04     0.00000000     0.00000000E+00     0.00000000     0.00000000E+00     0.00000000   
     0.00000000E+00     0.00000000     0.52709998E-04     0.00000000     0.00000000E+00     0.00000000   
     0.00000000E+00     0.00000000     0.00000000E+00     0.00000000    -0.14710370E-01     0.00000000   
           7           2
    -0.67226001E-03     0.00000000     0.00000000E+00     0.00000000     0.00000000E+00     0.00000000   
     0.00000000E+00     0.00000000    -0.67226001E-03     0.00000000     0.00000000E+00     0.00000000   
     0.00000000E+00     0.00000000     0.00000000E+00     0.00000000     0.15989721E-01     0.00000000   
           7           3
     0.93807001E-03     0.00000000     0.00000000E+00     0.00000000     0.00000000E+00     0.00000000   
     0.00000000E+00     0.00000000     0.93807001E-03     0.00000000     0.00000000E+00     0.00000000   
     0.00000000E+00     0.00000000     0.00000000E+00     0.00000000    -0.17432559E-01     0.00000000   
           7           4
    -0.46499898E-02     0.00000000     0.00000000E+00     0.00000000     0.00000000E+00     0.00000000   
     0.00000000E+00     0.00000000    -0.46499898E-02     0.00000000     0.00000000E+00     0.00000000   
     0.00000000E+00     0.00000000     0.00000000E+00     0.00000000     0.19266911E-01     0.00000000   
           7           5
    -0.65143099E-02     0.00000000     0.00000000E+00     0.00000000     0.00000000E+00     0.00000000   
     0.00000000E+00     0.00000000    -0.65143099E-02     0.00000000     0.00000000E+00     0.00000000   
     0.00000000E+00     0.00000000     0.00000000E+00     0.00000000    -0.62689878E-01     0.00000000   
           7           6
    -0.43955348E-01     0.00000000     0.00000000E+00     0.00000000     0.00000000E+00     0.00000000   
     0.00000000E+00     0.00000000    -0.43955348E-01     0.00000000     0.00000000E+00     0.00000000   
     0.00000000E+00     0.00000000     0.00000000E+00     0.00000000    -0.26091456E+00     0.00000000   
           7           7
     0.41796708E+00     0.00000000     0.00000000E+00     0.00000000     0.00000000E+00     0.00000000   
     0.00000000E+00     0.00000000     0.41796708E+00     0.00000000     0.00000000E+00     0.00000000   
     0.00000000E+00     0.00000000     0.00000000E+00     0.00000000     0.67231905E+00     0.00000000   
           7           8
    -0.36000696E+00     0.00000000     0.00000000E+00     0.00000000     0.00000000E+00     0.00000000   
     0.00000000E+00     0.00000000    -0.36000696E+00     0.00000000     0.00000000E+00     0.00000000   
     0.00000000E+00     0.00000000     0.00000000E+00     0.00000000    -0.28718603E+00     0.00000000   
           7           9
    -0.69007101E-02     0.00000000     0.00000000E+00     0.00000000     0.00000000E+00     0.00000000   
     0.00000000E+00     0.00000000    -0.69007101E-02     0.00000000     0.00000000E+00     0.00000000   
     0.00000000E+00     0.00000000     0.00000000E+00     0.00000000    -0.65986857E-01     0.00000000   
           7          10
     0.29571599E-02     0.00000000     0.00000000E+00     0.00000000     0.00000000E+00     0.00000000   
     0.00000000E+00     0.00000000     0.29571599E-02     0.00000000     0.00000000E+00     0.00000000   
     0.00000000E+00     0.00000000     0.00000000E+00     0.00000000     0.38222200E-02     0.00000000   
           7          11
     0.76852000E-03     0.00000000     0.00000000E+00     0.00000000     0.00000000E+00     0.00000000   
     0.00000000E+00     0.00000000     0.76852000E-03     0.00000000     0.00000000E+00     0.00000000   
     0.00000000E+00     0.00000000     0.00000000E+00     0.00000000    -0.17948670E-01     0.00000000   
           7          12
     0.65400003E-04     0.00000000     0.00000000E+00     0.00000000     0.00000000E+00     0.00000000   
     0.00000000E+00     0.00000000     0.65400003E-04     0.00000000     0.00000000E+00     0.00000000   
     0.00000000E+00     0.00000000     0.00000000E+00     0.00000000     0.15455150E-01     0.00000000   
           8           1
     0.10700001E-05     0.00000000     0.00000000E+00     0.00000000     0.00000000E+00     0.00000000   
     0.00000000E+00     0.00000000     0.10700001E-05     0.00000000     0.00000000E+00     0.00000000   
     0.00000000E+00     0.00000000     0.00000000E+00     0.00000000     0.15891001E-01     0.00000000   
           8           2
     0.29770001E-04     0.00000000     0.00000000E+00     0.00000000     0.00000000E+00     0.00000000   
     0.00000000E+00     0.00000000     0.29770001E-04     0.00000000     0.00000000E+00     0.00000000   
     0.00000000E+00     0.00000000     0.00000000E+00     0.00000000    -0.17158231E-01     0.00000000   
           8           3
    -0.83229999E-04     0.00000000     0.00000000E+00     0.00000000     0.00000000E+00     0.00000000   
     0.00000000E+00     0.00000000    -0.83229999E-04     0.00000000     0.00000000E+00     0.00000000   
     0.00000000E+00     0.00000000     0.00000000E+00     0.00000000     0.17160559E-01     0.00000000   
           8           4
    -0.65530003E-04     0.00000000     0.00000000E+00     0.00000000     0.00000000E+00     0.00000000   
     0.00000000E+00     0.00000000    -0.65530003E-04     0.00000000     0.00000000E+00     0.00000000   
     0.00000000E+00     0.00000000     0.00000000E+00     0.00000000    -0.17573159E-01     0.00000000   
           8           5
     0.82430000E-04     0.00000000     0.00000000E+00     0.00000000     0.00000000E+00     0.00000000   
     0.00000000E+00     0.00000000     0.82430000E-04     0.00000000     0.00000000E+00     0.00000000   
     0.00000000E+00     0.00000000     0.00000000E+00     0.00000000     0.40845801E-02     0.00000000   
           8           6
     0.51016000E-03     0.00000000     0.00000000E+00     0.00000000     0.00000000E+00     0.00000000   
     0.00000000E+00     0.00000000     0.51016000E-03     0.00000000     0.00000000E+00     0.00000000   
     0.00000000E+00     0.00000000     0.00000000E+00     0.00000000    -0.31337012E-01     0.00000000   
           8           7
    -0.36000696E+00     0.00000000     0.00000000E+00     0.00000000     0.00000000E+00     0.00000000   
     0.00000000E+00     0.00000000    -0.36000696E+00     0.00000000     0.00000000E+00     0.00000000   
     0.00000000E+00     0.00000000     0.00000000E+00     0.00000000    -0.28718603E+00     0.00000000   
           8           8
     0.41361889E+00     0.00000000     0.00000000E+00     0.00000000     0.00000000E+00     0.00000000   
     0.00000000E+00     0.00000000     0.41361889E+00     0.00000000     0.00000000E+00     0.00000000   
     0.00000000E+00     0.00000000     0.00000000E+00     0.00000000     0.60975575E+00     0.00000000   
           8           9
    -0.43223701E-01     0.00000000     0.00000000E+00     0.00000000     0.00000000E+00     0.00000000   
     0.00000000E+00     0.00000000    -0.43223701E-01     0.00000000     0.00000000E+00     0.00000000   
     0.00000000E+00     0.00000000     0.00000000E+00     0.00000000    -0.26886624E+00     0.00000000   
           8          10
    -0.41173100E-02     0.00000000     0.00000000E+00     0.00000000     0.00000000E+00     0.00000000   
     0.00000000E+00     0.00000000    -0.41173100E-02     0.00000000     0.00000000E+00     0.00000000   
     0.00000000E+00     0.00000000     0.00000000E+00     0.00000000    -0.27506471E-01     0.00000000   
           8          11
    -0.49242498E-02     0.00000000     0.00000000E+00     0.00000000     0.00000000E+00     0.00000000   
     0.00000000E+00     0.00000000    -0.49242498E-02     0.00000000     0.00000000E+00     0.00000000   
     0.00000000E+00     0.00000000     0.00000000E+00     0.00000000     0.19579150E-01     0.00000000   
           8          12
    -0.11206100E-02     0.00000000     0.00000000E+00     0.00000000     0.00000000E+00     0.00000000   
     0.00000000E+00     0.00000000    -0.11206100E-02     0.00000000     0.00000000E+00     0.00000000   
     0.00000000E+00     0.00000000     0.00000000E+00     0.00000000    -0.16947759E-01     0.00000000   
           9           1
    -0.15000001E-05     0.00000000     0.00000000E+00     0.00000000     0.00000000E+00     0.00000000   
     0.00000000E+00     0.00000000    -0.15000001E-05     0.00000000     0.00000000E+00     0.00000000   
     0.00000000E+00     0.00000000     0.00000000E+00     0.00000000    -0.15780389E-01     0.00000000   
           9           2
    -0.29060000E-04     0.00000000     0.00000000E+00     0.00000000     0.00000000E+00     0.00000000   
     0.00000000E+00     0.00000000    -0.29060000E-04     0.00000000     0.00000000E+00     0.00000000   
     0.00000000E+00     0.00000000     0.00000000E+00     0.00000000     0.17034810E-01     0.00000000   
           9           3
     0.62170002E-04     0.00000000     0.00000000E+00     0.00000000     0.00000000E+00     0.00000000   
     0.00000000E+00     0.00000000     0.62170002E-04     0.00000000     0.00000000E+00     0.00000000   
     0.00000000E+00     0.00000000     0.00000000E+00     0.00000000    -0.17060880E-01     0.00000000   
           9           4
    -0.53330001E-04     0.00000000     0.00000000E+00     0.00000000     0.00000000E+00     0.00000000   
     0.00000000E+00     0.00000000    -0.53330001E-04     0.00000000     0.00000000E+00     0.00000000   
     0.00000000E+00     0.00000000     0.00000000E+00     0.00000000     0.17189311E-01     0.00000000   
           9           5
    -0.59096998E-03     0.00000000     0.00000000E+00     0.00000000     0.00000000E+00     0.00000000   
     0.00000000E+00     0.00000000    -0.59096998E-03     0.00000000     0.00000000E+00     0.00000000   
     0.00000000E+00     0.00000000     0.00000000E+00     0.00000000    -0.20141570E-01     0.00000000   
           9           6
    -0.43871300E-02     0.00000000     0.00000000E+00     0.00000000     0.00000000E+00     0.00000000   
     0.00000000E+00     0.00000000    -0.43871300E-02     0.00000000     0.00000000E+00     0.00000000   
     0.00000000E+00     0.00000000     0.00000000E+00     0.00000000     0.18476781E-01     0.00000000   
           9           7
    -0.69007101E-02     0.00000000     0.00000000E+00     0.00000000     0.00000000E+00     0.00000000   
     0.00000000E+00     0.00000000    -0.69007101E-02     0.00000000     0.00000000E+00     0.00000000   
     0.00000000E+00     0.00000000     0.00000000E+00     0.00000000    -0.65986857E-01     0.00000000   
           9           8
    -0.43223701E-01     0.00000000     0.00000000E+00     0.00000000     0.00000000E+00     0.00000000   
     0.00000000E+00     0.00000000    -0.43223701E-01     0.00000000     0.00000000E+00     0.00000000   
     0.00000000E+00     0.00000000     0.00000000E+00     0.00000000    -0.26886624E+00     0.00000000   
           9           9
     0.41970053E+00     0.00000000     0.00000000E+00     0.00000000     0.00000000E+00     0.00000000   
     0.00000000E+00     0.00000000     0.41970053E+00     0.00000000     0.00000000E+00     0.00000000   
     0.00000000E+00     0.00000000     0.00000000E+00     0.00000000     0.68887430E+00     0.00000000   
           9          10
    -0.36190122E+00     0.00000000     0.00000000E+00     0.00000000     0.00000000E+00     0.00000000   
     0.00000000E+00     0.00000000    -0.36190122E+00     0.00000000     0.00000000E+00     0.00000000   
     0.00000000E+00     0.00000000     0.00000000E+00     0.00000000    -0.28786179E+00     0.00000000   
           9          11
    -0.67698201E-02     0.00000000     0.00000000E+00     0.00000000     0.00000000E+00     0.00000000   
     0.00000000E+00     0.00000000    -0.67698201E-02     0.00000000     0.00000000E+00     0.00000000   
     0.00000000E+00     0.00000000     0.00000000E+00     0.00000000    -0.68527646E-01     0.00000000   
           9          12
     0.31423401E-02     0.00000000     0.00000000E+00     0.00000000     0.00000000E+00     0.00000000   
     0.00000000E+00     0.00000000     0.31423401E-02     0.00000000     0.00000000E+00     0.00000000   
     0.00000000E+00     0.00000000     0.00000000E+00     0.00000000     0.42886999E-02     0.00000000   
          10           1
     0.17999999E-05     0.00000000     0.00000000E+00     0.00000000     0.00000000E+00     0.00000000   
     0.00000000E+00     0.00000000     0.17999999E-05     0.00000000     0.00000000E+00     0.00000000   
     0.00000000E+00     0.00000000     0.00000000E+00     0.00000000     0.15592930E-01     0.00000000   
          10           2
    -0.14390000E-04     0.00000000     0.00000000E+00     0.00000000     0.00000000E+00     0.00000000   
     0.00000000E+00     0.00000000    -0.14390000E-04     0.00000000     0.00000000E+00     0.00000000   
     0.00000000E+00     0.00000000     0.00000000E+00     0.00000000    -0.16826160E-01     0.00000000   
          10           3
     0.25080000E-04     0.00000000     0.00000000E+00     0.00000000     0.00000000E+00     0.00000000   
     0.00000000E+00     0.00000000     0.25080000E-04     0.00000000     0.00000000E+00     0.00000000   
     0.00000000E+00     0.00000000     0.00000000E+00     0.00000000     0.16754000E-01     0.00000000   
          10           4
    -0.10129000E-03     0.00000000     0.00000000E+00     0.00000000     0.00000000E+00     0.00000000   
     0.00000000E+00     0.00000000    -0.10129000E-03     0.00000000     0.00000000E+00     0.00000000   
     0.00000000E+00     0.00000000     0.00000000E+00     0.00000000    -0.16645441E-01     0.00000000   
          10           5
     0.97499997E-05     0.00000000     0.00000000E+00     0.00000000     0.00000000E+00     0.00000000   
     0.00000000E+00     0.00000000     0.97499997E-05     0.00000000     0.00000000E+00     0.00000000   
     0.00000000E+00     0.00000000     0.00000000E+00     0.00000000     0.17810280E-01     0.00000000   
          10           6
    -0.89074002E-03     0.00000000     0.00000000E+00     0.00000000     0.00000000E+00     0.00000000   
     0.00000000E+00     0.00000000    -0.89074002E-03     0.00000000     0.00000000E+00     0.00000000   
     0.00000000E+00     0.00000000     0.00000000E+00     0.00000000    -0.16936120E-01     0.00000000   
          10           7
     0.29571599E-02     0.00000000     0.00000000E+00     0.00000000     0.00000000E+00     0.00000000   
     0.00000000E+00     0.00000000     0.29571599E-02     0.00000000     0.00000000E+00     0.00000000   
     0.00000000E+00     0.00000000     0.00000000E+00     0.00000000     0.38222200E-02     0.00000000   
          10           8
    -0.41173100E-02     0.00000000     0.00000000E+00     0.00000000     0.00000000E+00     0.00000000   
     0.00000000E+00     0.00000000    -0.41173100E-02     0.00000000     0.00000000E+00     0.00000000   
     0.00000000E+00     0.00000000     0.00000000E+00     0.00000000    -0.27506471E-01     0.00000000   
          10           9
    -0.36190122E+00     0.00000000     0.00000000E+00     0.00000000     0.00000000E+00     0.00000000   
     0.00000000E+00     0.00000000    -0.36190122E+00     0.00000000     0.00000000E+00     0.00000000   
     0.00000000E+00     0.00000000     0.00000000E+00     0.00000000    -0.28786179E+00     0.00000000   
          10          10
     0.41927195E+00     0.00000000     0.00000000E+00     0.00000000     0.00000000E+00     0.00000000   
     0.00000000E+00     0.00000000     0.41927195E+00     0.00000000     0.00000000E+00     0.00000000   
     0.00000000E+00     0.00000000     0.00000000E+00     0.00000000     0.60529143E+00     0.00000000   
          10          11
    -0.44158049E-01     0.00000000     0.00000000E+00     0.00000000     0.00000000E+00     0.00000000   
     0.00000000E+00     0.00000000    -0.44158049E-01     0.00000000     0.00000000E+00     0.00000000   
     0.00000000E+00     0.00000000     0.00000000E+00     0.00000000    -0.26875505E+00     0.00000000   
          10          12
    -0.61676200E-02     0.00000000     0.00000000E+00     0.00000000     0.00000000E+00     0.00000000   
     0.00000000E+00     0.00000000    -0.61676200E-02     0.00000000     0.00000000E+00     0.00000000   
     0.00000000E+00     0.00000000     0.00000000E+00     0.00000000    -0.28046040E-01     0.00000000   
          11           1
     0.89000002E-06     0.00000000     0.00000000E+00     0.00000000     0.00000000E+00     0.00000000   
     0.00000000E+00     0.00000000     0.89000002E-06     0.00000000     0.00000000E+00     0.00000000   
     0.00000000E+00     0.00000000     0.00000000E+00     0.00000000    -0.16245000E-01     0.00000000   
          11           2
    -0.10230000E-04     0.00000000     0.00000000E+00     0.00000000     0.00000000E+00     0.00000000   
     0.00000000E+00     0.00000000    -0.10230000E-04     0.00000000     0.00000000E+00     0.00000000   
     0.00000000E+00     0.00000000     0.00000000E+00     0.00000000     0.17525479E-01     0.00000000   
          11           3
     0.12800000E-04     0.00000000     0.00000000E+00     0.00000000     0.00000000E+00     0.00000000   
     0.00000000E+00     0.00000000     0.12800000E-04     0.00000000     0.00000000E+00     0.00000000   
     0.00000000E+00     0.00000000     0.00000000E+00     0.00000000    -0.17407941E-01     0.00000000   
          11           4
    -0.33119999E-04     0.00000000     0.00000000E+00     0.00000000     0.00000000E+00     0.00000000   
     0.00000000E+00     0.00000000    -0.33119999E-04     0.00000000     0.00000000E+00     0.00000000   
     0.00000000E+00     0.00000000     0.00000000E+00     0.00000000     0.17240159E-01     0.00000000   
          11           5
    -0.39970000E-04     0.00000000     0.00000000E+00     0.00000000     0.00000000E+00     0.00000000   
     0.00000000E+00     0.00000000    -0.39970000E-04     0.00000000     0.00000000E+00     0.00000000   
     0.00000000E+00     0.00000000     0.00000000E+00     0.00000000    -0.17996181E-01     0.00000000   
          11           6
    -0.65549999E-03     0.00000000     0.00000000E+00     0.00000000     0.00000000E+00     0.00000000   
     0.00000000E+00     0.00000000    -0.65549999E-03     0.00000000     0.00000000E+00     0.00000000   
     0.00000000E+00     0.00000000     0.00000000E+00     0.00000000     0.17039960E-01     0.00000000   
          11           7
     0.76852000E-03     0.00000000     0.00000000E+00     0.00000000     0.00000000E+00     0.00000000   
     0.00000000E+00     0.00000000     0.76852000E-03     0.00000000     0.00000000E+00     0.00000000   
     0.00000000E+00     0.00000000     0.00000000E+00     0.00000000    -0.17948670E-01     0.00000000   
          11           8
    -0.49242498E-02     0.00000000     0.00000000E+00     0.00000000     0.00000000E+00     0.00000000   
     0.00000000E+00     0.00000000    -0.49242498E-02     0.00000000     0.00000000E+00     0.00000000   
     0.00000000E+00     0.00000000     0.00000000E+00     0.00000000     0.19579150E-01     0.00000000   
          11           9
    -0.67698201E-02     0.00000000     0.00000000E+00     0.00000000     0.00000000E+00     0.00000000   
     0.00000000E+00     0.00000000    -0.67698201E-02     0.00000000     0.00000000E+00     0.00000000   
     0.00000000E+00     0.00000000     0.00000000E+00     0.00000000    -0.68527646E-01     0.00000000   
          11          10
    -0.44158049E-01     0.00000000     0.00000000E+00     0.00000000     0.00000000E+00     0.00000000   
     0.00000000E+00     0.00000000    -0.44158049E-01     0.00000000     0.00000000E+00     0.00000000   
     0.00000000E+00     0.00000000     0.00000000E+00     0.00000000    -0.26875505E+00     0.00000000   
          11          11
     0.42216507E+00     0.00000000     0.00000000E+00     0.00000000     0.00000000E+00     0.00000000   
     0.00000000E+00     0.00000000     0.42216507E+00     0.00000000     0.00000000E+00     0.00000000   
     0.00000000E+00     0.00000000     0.00000000E+00     0.00000000     0.68103606E+00     0.00000000   
          11          12
    -0.35927811E+00     0.00000000     0.00000000E+00     0.00000000     0.00000000E+00     0.00000000   
     0.00000000E+00     0.00000000    -0.35927811E+00     0.00000000     0.00000000E+00     0.00000000   
     0.00000000E+00     0.00000000     0.00000000E+00     0.00000000    -0.28348169E+00     0.00000000   
          12           1
    -0.23000000E-06     0.00000000     0.00000000E+00     0.00000000     0.00000000E+00     0.00000000   
     0.00000000E+00     0.00000000    -0.23000000E-06     0.00000000     0.00000000E+00     0.00000000   
     0.00000000E+00     0.00000000     0.00000000E+00     0.00000000     0.15255760E-01     0.00000000   
          12           2
    -0.20000000E-05     0.00000000     0.00000000E+00     0.00000000     0.00000000E+00     0.00000000   
     0.00000000E+00     0.00000000    -0.20000000E-05     0.00000000     0.00000000E+00     0.00000000   
     0.00000000E+00     0.00000000     0.00000000E+00     0.00000000    -0.16456990E-01     0.00000000   
          12           3
     0.11500000E-05     0.00000000     0.00000000E+00     0.00000000     0.00000000E+00     0.00000000   
     0.00000000E+00     0.00000000     0.11500000E-05     0.00000000     0.00000000E+00     0.00000000   
     0.00000000E+00     0.00000000     0.00000000E+00     0.00000000     0.16343709E-01     0.00000000   
          12           4
    -0.44399999E-05     0.00000000     0.00000000E+00     0.00000000     0.00000000E+00     0.00000000   
     0.00000000E+00     0.00000000    -0.44399999E-05     0.00000000     0.00000000E+00     0.00000000   
     0.00000000E+00     0.00000000     0.00000000E+00     0.00000000    -0.16172949E-01     0.00000000   
          12           5
    -0.18580000E-04     0.00000000     0.00000000E+00     0.00000000     0.00000000E+00     0.00000000   
     0.00000000E+00     0.00000000    -0.18580000E-04     0.00000000     0.00000000E+00     0.00000000   
     0.00000000E+00     0.00000000     0.00000000E+00     0.00000000     0.16886510E-01     0.00000000   
          12           6
    -0.96620002E-04     0.00000000     0.00000000E+00     0.00000000     0.00000000E+00     0.00000000   
     0.00000000E+00     0.00000000    -0.96620002E-04     0.00000000     0.00000000E+00     0.00000000   
     0.00000000E+00     0.00000000     0.00000000E+00     0.00000000    -0.15859749E-01     0.00000000   
          12           7
     0.65400003E-04     0.00000000     0.00000000E+00     0.00000000     0.00000000E+00     0.00000000   
     0.00000000E+00     0.00000000     0.65400003E-04     0.00000000     0.00000000E+00     0.00000000   
     0.00000000E+00     0.00000000     0.00000000E+00     0.00000000     0.15455150E-01     0.00000000   
          12           8
    -0.11206100E-02     0.00000000     0.00000000E+00     0.00000000     0.00000000E+00     0.00000000   
     0.00000000E+00     0.00000000    -0.11206100E-02     0.00000000     0.00000000E+00     0.00000000   
     0.00000000E+00     0.00000000     0.00000000E+00     0.00000000    -0.16947759E-01     0.00000000   
          12           9
     0.31423401E-02     0.00000000     0.00000000E+00     0.00000000     0.00000000E+00     0.00000000   
     0.00000000E+00     0.00000000     0.31423401E-02     0.00000000     0.00000000E+00     0.00000000   
     0.00000000E+00     0.00000000     0.00000000E+00     0.00000000     0.42886999E-02     0.00000000   
          12          10
    -0.61676200E-02     0.00000000     0.00000000E+00     0.00000000     0.00000000E+00     0.00000000   
     0.00000000E+00     0.00000000    -0.61676200E-02     0.00000000     0.00000000E+00     0.00000000   
     0.00000000E+00     0.00000000     0.00000000E+00     0.00000000    -0.28046040E-01     0.00000000   
          12          11
    -0.35927811E+00     0.00000000     0.00000000E+00     0.00000000     0.00000000E+00     0.00000000   
     0.00000000E+00     0.00000000    -0.35927811E+00     0.00000000     0.00000000E+00     0.00000000   
     0.00000000E+00     0.00000000     0.00000000E+00     0.00000000    -0.28348169E+00     0.00000000   
          12          12
     0.41306108E+00     0.00000000     0.00000000E+00     0.00000000     0.00000000E+00     0.00000000   
     0.00000000E+00     0.00000000     0.41306108E+00     0.00000000     0.00000000E+00     0.00000000   
     0.00000000E+00     0.00000000     0.00000000E+00     0.00000000     0.59819120E+00     0.00000000   
